1.125723125866440810e+01 -2.257231258664408102e+00
1.125875976040738813e+01 -2.255259760407387404e+00
1.126028993745713436e+01 -2.253289937457134684e+00
1.126182179861262611e+01 -2.251321798612625713e+00
1.126335535271605615e+01 -2.249355352716056800e+00
1.126489060865303493e+01 -2.247390608653034860e+00
1.126642757535277184e+01 -2.245427575352771044e+00
1.126796626178828298e+01 -2.243466261788283234e+00
1.126950667697657948e+01 -2.241506676976579016e+00
1.127104882997887003e+01 -2.239548829978870614e+00
1.127259272990075800e+01 -2.237592729900757860e+00
1.127413838589242623e+01 -2.235638385892425362e+00
1.127568580714886259e+01 -2.233685807148862779e+00
1.127723500291003766e+01 -2.231735002910037124e+00
1.127878598246111608e+01 -2.229785982461116589e+00
1.128033875513265372e+01 -2.227838755132653503e+00
1.128189333030080377e+01 -2.225893330300804607e+00
1.128344971738752101e+01 -2.223949717387521119e+00
1.128500792586075718e+01 -2.222007925860756572e+00
1.128656796523467953e+01 -2.220067965234679974e+00
1.128812984506986439e+01 -2.218129845069864103e+00
1.128969357497350678e+01 -2.216193574973507552e+00
1.129125916459963364e+01 -2.214259164599633678e+00
1.129282662364930800e+01 -2.212326623649307322e+00
1.129439596187083694e+01 -2.210395961870837311e+00
1.129596718905998110e+01 -2.208467189059980740e+00
1.129754031506016609e+01 -2.206540315060166790e+00
1.129911534976269749e+01 -2.204615349762697463e+00
1.130069230310697037e+01 -2.202692303106969618e+00
1.130227118508067186e+01 -2.200771185080672154e+00
1.130385200572002447e+01 -2.198852005720024039e+00
1.130543477510996375e+01 -2.196934775109964377e+00
1.130701950338438166e+01 -2.195019503384381565e+00
1.130860620072633260e+01 -2.193106200726331778e+00
1.131019487736824836e+01 -2.191194877368248584e+00
1.131178554359216371e+01 -2.189285543592163208e+00
1.131337820972992603e+01 -2.187378209729926581e+00
1.131497288616342800e+01 -2.185472886163427830e+00
1.131656958332481366e+01 -2.183569583324814545e+00
1.131816831169671467e+01 -2.181668311696714824e+00
1.131976908181245811e+01 -2.179769081812457543e+00
1.132137190425629925e+01 -2.177871904256299729e+00
1.132297678966364884e+01 -2.175976789663648603e+00
1.132458374872128992e+01 -2.174083748721290732e+00
1.132619279216760333e+01 -2.172192792167603415e+00
1.132780393079280579e+01 -2.170303930792805147e+00
1.132941717543916305e+01 -2.168417175439163458e+00
1.133103253700123503e+01 -2.166532537001234715e+00
1.133265002642608366e+01 -2.164650026426084395e+00
1.133426965471353043e+01 -2.162769654713530443e+00
1.133589143291635715e+01 -2.160891432916356436e+00
1.133751537214056881e+01 -2.159015372140569156e+00
1.133914148354560325e+01 -2.157141483545602867e+00
1.134076977834457622e+01 -2.155269778344576892e+00
1.134240026780451593e+01 -2.153400267804515877e+00
1.134403296324659749e+01 -2.151532963246596708e+00
1.134566787604637561e+01 -2.149667876046375881e+00
1.134730501763402977e+01 -2.147805017634029312e+00
1.134894439949459510e+01 -2.145944399494595700e+00
1.135058603316821468e+01 -2.144086033168214556e+00
1.135222993025036153e+01 -2.142229930250360681e+00
1.135387610239209444e+01 -2.140376102392094637e+00
1.135552456130029597e+01 -2.138524561300295446e+00
1.135717531873791586e+01 -2.136675318737916385e+00
1.135882838652421256e+01 -2.134828386524212362e+00
1.136048377653500552e+01 -2.132983776535006371e+00
1.136214150070290962e+01 -2.131141500702909752e+00
1.136380157101759814e+01 -2.129301571017597539e+00
1.136546399952603359e+01 -2.127463999526034044e+00
1.136712879833272716e+01 -2.125628798332726888e+00
1.136879597959999089e+01 -2.123795979599991668e+00
1.137046555554818106e+01 -2.121965555548181115e+00
1.137213753845595221e+01 -2.120137538455951542e+00
1.137381194066051293e+01 -2.118311940660513315e+00
1.137548877455787810e+01 -2.116488774557877761e+00
1.137716805260311936e+01 -2.114668052603120074e+00
1.137884978731063335e+01 -2.112849787310633332e+00
1.138053399125437970e+01 -2.111033991254378961e+00
1.138222067706815466e+01 -2.109220677068154970e+00
1.138390985744584682e+01 -2.107409857445846413e+00
1.138560154514168765e+01 -2.105601545141688291e+00
1.138729575297052676e+01 -2.103795752970526678e+00
1.138899249380807888e+01 -2.101992493808078066e+00
1.139069178059119736e+01 -2.100191780591197599e+00
1.139239362631813357e+01 -2.098393626318133087e+00
1.139409804404879978e+01 -2.096598044048800347e+00
1.139580504690504448e+01 -2.094805046905044321e+00
1.139751464807090287e+01 -2.093014648070901984e+00
1.139922686079287750e+01 -2.091226860792877673e+00
1.140094169838020655e+01 -2.089441698380205992e+00
1.140265917420512842e+01 -2.087659174205128920e+00
1.140437930170315539e+01 -2.085879301703155164e+00
1.140610209437334177e+01 -2.084102094373342595e+00
1.140782756577856638e+01 -2.082327565778566481e+00
1.140955572954579722e+01 -2.080555729545796595e+00
1.141128659936636502e+01 -2.078786599366365451e+00
1.141302018899625281e+01 -2.077020188996252514e+00
1.141475651225635879e+01 -2.075256512256359542e+00
1.141649558303278233e+01 -2.073495583032782363e+00
1.141823741527710112e+01 -2.071737415277100425e+00
1.141998202300664822e+01 -2.069982023006648575e+00
1.142172942030480165e+01 -2.068229420304801280e+00
1.142347962132125971e+01 -2.066479621321260396e+00
1.142523264027232699e+01 -2.064732640272326947e+00
1.142698849144120032e+01 -2.062988491441199557e+00
1.142874718917824950e+01 -2.061247189178249783e+00
1.143050874790131211e+01 -2.059508747901311665e+00
1.143227318209597421e+01 -2.057773182095974818e+00
1.143404050631586522e+01 -2.056040506315865102e+00
1.143581073518294211e+01 -2.054310735182941272e+00
1.143758388338778609e+01 -2.052583883387786301e+00
1.143935996568989211e+01 -2.050859965689891595e+00
1.144113899691795844e+01 -2.049138996917958977e+00
1.144292099197019574e+01 -2.047420991970195558e+00
1.144470596581460065e+01 -2.045705965814599736e+00
1.144649393348927013e+01 -2.043993933489270276e+00
1.144828491010269467e+01 -2.042284910102694084e+00
1.145007891083405660e+01 -2.040578910834057069e+00
1.145187595093352684e+01 -2.038875950933526582e+00
1.145367604572257214e+01 -2.037176045722572937e+00
1.145547921059425356e+01 -2.035479210594253630e+00
1.145728546101353373e+01 -2.033785461013533080e+00
1.145909481251757533e+01 -2.032094812517575733e+00
1.146090728071605724e+01 -2.030407280716056917e+00
1.146272288129146766e+01 -2.028722881291468383e+00
1.146454162999942561e+01 -2.027041629999425609e+00
1.146636354266898294e+01 -2.025363542668982220e+00
1.146818863520293519e+01 -2.023688635202935515e+00
1.147001692357814129e+01 -2.022016923578140890e+00
1.147184842384582204e+01 -2.020348423845822694e+00
1.147368315213188872e+01 -2.018683152131888647e+00
1.147552112463725038e+01 -2.017021124637249585e+00
1.147736235763812473e+01 -2.015362357638124990e+00
1.147920686748637920e+01 -2.013706867486378727e+00
1.148105467060981510e+01 -2.012054670609815687e+00
1.148290578351251945e+01 -2.010405783512519307e+00
1.148476022277516861e+01 -2.008760222775167747e+00
1.148661800505535524e+01 -2.007118005055355425e+00
1.148847914708791151e+01 -2.005479147087910974e+00
1.149034366568523957e+01 -2.003843665685240083e+00
1.149221157773762414e+01 -2.002211577737623927e+00
1.149408290021357892e+01 -2.000582900213579762e+00
1.149595765016015569e+01 -1.998957650160155808e+00
1.149783584470328890e+01 -1.997335844703288288e+00
1.149971750104811719e+01 -1.995717501048117626e+00
1.150160263647932624e+01 -1.994102636479325952e+00
1.150349126836146851e+01 -1.992491268361469281e+00
1.150538341413931320e+01 -1.990883414139313246e+00
1.150727909133816773e+01 -1.989279091338167049e+00
1.150917831756422416e+01 -1.987678317564224528e+00
1.151108111050490379e+01 -1.986081110504903435e+00
1.151298748792917159e+01 -1.984487487929172289e+00
1.151489746768791811e+01 -1.982897467687918081e+00
1.151681106771425789e+01 -1.981311067714257135e+00
1.151872830602390430e+01 -1.979728306023904594e+00
1.152064920071550524e+01 -1.978149200715504819e+00
1.152257376997098426e+01 -1.976573769970984884e+00
1.152450203205589929e+01 -1.975002032055899193e+00
1.152643400531977846e+01 -1.973434005319777640e+00
1.152836970819647711e+01 -1.971869708196477333e+00
1.153030915920453658e+01 -1.970309159204536087e+00
1.153225237694752181e+01 -1.968752376947522365e+00
1.153419938011438717e+01 -1.967199380114386997e+00
1.153615018747982646e+01 -1.965650187479827338e+00
1.153810481790463882e+01 -1.964104817904638978e+00
1.154006329033606804e+01 -1.962563290336067467e+00
1.154202562380818442e+01 -1.961025623808184903e+00
1.154399183744222945e+01 -1.959491837442229212e+00
1.154596195044698703e+01 -1.957961950446987842e+00
1.154793598211914407e+01 -1.956435982119144157e+00
1.154991395184365111e+01 -1.954913951843650466e+00
1.155189587909409710e+01 -1.953395879094097509e+00
1.155388178343307182e+01 -1.951881783433071504e+00
1.155587168451253710e+01 -1.950371684512537840e+00
1.155786560207419633e+01 -1.948865602074196346e+00
1.155986355594986570e+01 -1.947363555949864988e+00
1.156186556606184546e+01 -1.945865566061845797e+00
1.156387165242330184e+01 -1.944371652423301455e+00
1.156588183513863832e+01 -1.942881835138638991e+00
1.156789613440387221e+01 -1.941396134403872153e+00
1.156991457050701122e+01 -1.939914570507010438e+00
1.157193716382844073e+01 -1.938437163828441001e+00
1.157396393484130392e+01 -1.936963934841303470e+00
1.157599490411187837e+01 -1.935494904111878967e+00
1.157803009229996682e+01 -1.934030092299966697e+00
1.158006952015928626e+01 -1.932569520159285403e+00
1.158211320853784265e+01 -1.931113208537842851e+00
1.158416117837833426e+01 -1.929661178378333730e+00
1.158621345071852993e+01 -1.928213450718530453e+00
1.158827004669167415e+01 -1.926770046691673954e+00
1.159033098752686541e+01 -1.925330987526866267e+00
1.159239629454946297e+01 -1.923896294549463093e+00
1.159446598918147586e+01 -1.922465989181475265e+00
1.159654009294196264e+01 -1.921040092941963096e+00
1.159861862744743632e+01 -1.919618627447436054e+00
1.160070161441225167e+01 -1.918201614412252454e+00
1.160278907564902262e+01 -1.916789075649022678e+00
1.160488103306901486e+01 -1.915381033069014194e+00
1.160697750868255440e+01 -1.913977508682554785e+00
1.160907852459943612e+01 -1.912578524599435781e+00
1.161118410302932880e+01 -1.911184103029329506e+00
1.161329426628219075e+01 -1.909794266282190733e+00
1.161540903676867131e+01 -1.908409036768670575e+00
1.161752843700053539e+01 -1.907028437000535703e+00
1.161965248959106489e+01 -1.905652489591064480e+00
1.162178121725548507e+01 -1.904281217255485714e+00
1.162391464281137665e+01 -1.902914642811376567e+00
1.162605278917910034e+01 -1.901552789179099534e+00
1.162819567938220366e+01 -1.900195679382203906e+00
1.163034333654786323e+01 -1.898843336547862748e+00
1.163249578390728800e+01 -1.897495783907288569e+00
1.163465304479616336e+01 -1.896153044796163201e+00
1.163681514265506323e+01 -1.894815142655062346e+00
1.163898210102988351e+01 -1.893482101029883680e+00
1.164115394357227729e+01 -1.892153943572276731e+00
1.164333069404007404e+01 -1.890830694040074533e+00
1.164551237629773084e+01 -1.889512376297730611e+00
1.164769901431674626e+01 -1.888199014316747082e+00
1.164989063217611331e+01 -1.886890632176113414e+00
1.165208725406274937e+01 -1.885587254062748741e+00
1.165428890427194020e+01 -1.884288904271940623e+00
1.165649560720777878e+01 -1.882995607207778477e+00
1.165870738738360579e+01 -1.881707387383606545e+00
1.166092426942245908e+01 -1.880424269422459105e+00
1.166314627805751947e+01 -1.879146278057518771e+00
1.166537343813254957e+01 -1.877873438132549921e+00
1.166760577460236270e+01 -1.876605774602362331e+00
1.166984331253325280e+01 -1.875343312533253481e+00
1.167208607710346158e+01 -1.874086077103461534e+00
1.167433409360362440e+01 -1.872834093603623629e+00
1.167658738743723568e+01 -1.871587387437235961e+00
1.167884598412109654e+01 -1.870345984121096095e+00
1.168110990928578552e+01 -1.869109909285786131e+00
1.168337918867610981e+01 -1.867879188676109692e+00
1.168565384815157593e+01 -1.866653848151575090e+00
1.168793391368684631e+01 -1.865433913686846523e+00
1.169021941137221887e+01 -1.864219411372218360e+00
1.169251036741408001e+01 -1.863010367414080548e+00
1.169480680813538775e+01 -1.861806808135387570e+00
1.169710875997613364e+01 -1.860608759976132731e+00
1.169941624949382586e+01 -1.859416249493826001e+00
1.170172930336395645e+01 -1.858229303363955864e+00
1.170404794838047913e+01 -1.857047948380479596e+00
1.170637221145629603e+01 -1.855872211456295773e+00
1.170870211962372487e+01 -1.854702119623725665e+00
1.171103770003499989e+01 -1.853537700034999958e+00
1.171337897996273369e+01 -1.852378979962733041e+00
1.171572598680042177e+01 -1.851225986800422163e+00
1.171807874806292560e+01 -1.850078748062925271e+00
1.172043729138695234e+01 -1.848937291386953063e+00
1.172280164453156281e+01 -1.847801644531562815e+00
1.172517183537865115e+01 -1.846671835378650428e+00
1.172754789193344571e+01 -1.845547891933446039e+00
1.172992984232500646e+01 -1.844429842325006064e+00
1.173231771480672059e+01 -1.843317714806721241e+00
1.173471153775680875e+01 -1.842211537756808681e+00
1.173711133967882070e+01 -1.841111339678819903e+00
1.173951714920214329e+01 -1.840017149202143543e+00
1.174192899508250854e+01 -1.838928995082508067e+00
1.174434690620249810e+01 -1.837846906202498687e+00
1.174677091157205844e+01 -1.836770911572058296e+00
1.174920104032900348e+01 -1.835701040329004385e+00
1.175163732173953868e+01 -1.834637321739538862e+00
1.175407978519877439e+01 -1.833579785198773848e+00
1.175652846023123210e+01 -1.832528460231232614e+00
1.175898337649138270e+01 -1.831483376491382487e+00
1.176144456376415626e+01 -1.830444563764155319e+00
1.176391205196546785e+01 -1.829412051965467967e+00
1.176638587114274159e+01 -1.828385871142740982e+00
1.176886605147544174e+01 -1.827366051475442177e+00
1.177135262327560028e+01 -1.826352623275599996e+00
1.177384561698834453e+01 -1.825345616988345299e+00
1.177634506319244068e+01 -1.824345063192440719e+00
1.177885099260081070e+01 -1.823350992600810017e+00
1.178136343606109193e+01 -1.822363436061092301e+00
1.178388242455615931e+01 -1.821382424556158952e+00
1.178640798920467425e+01 -1.820407989204674948e+00
1.178894016126162825e+01 -1.819440161261628219e+00
1.179147897211888285e+01 -1.818478972118882098e+00
1.179402445330572391e+01 -1.817524453305724208e+00
1.179657663648940691e+01 -1.816576636489406482e+00
1.179913555347570409e+01 -1.815635553475704711e+00
1.180170123620947109e+01 -1.814701236209470991e+00
1.180427371677518522e+01 -1.813773716775184397e+00
1.180685302739751918e+01 -1.812853027397519412e+00
1.180943920044188822e+01 -1.811939200441887721e+00
1.181203226841502207e+01 -1.811032268415022628e+00
1.181463226396552102e+01 -1.810132263965520849e+00
1.181723921988442072e+01 -1.809239219884421601e+00
1.181985316910577488e+01 -1.808353169105775038e+00
1.182247414470720592e+01 -1.807474144707205355e+00
1.182510217991048407e+01 -1.806602179910484551e+00
1.182773730808211532e+01 -1.805737308082115078e+00
1.183037956273389213e+01 -1.804879562733891163e+00
1.183302897752349736e+01 -1.804028977523497446e+00
1.183568558625507094e+01 -1.803185586255070305e+00
1.183834942287979075e+01 -1.802349422879791163e+00
1.184102052149647299e+01 -1.801520521496472682e+00
1.184369891635214067e+01 -1.800698916352141410e+00
1.184638464184262929e+01 -1.799884641842629307e+00
1.184907773251316776e+01 -1.799077732513167049e+00
1.185177822305897166e+01 -1.798278223058972003e+00
1.185448614832585434e+01 -1.797486148325853961e+00
1.185720154331080778e+01 -1.796701543310808447e+00
1.185992444316261007e+01 -1.795924443162610018e+00
1.186265488318243300e+01 -1.795154883182432215e+00
1.186539289882443704e+01 -1.794392898824437310e+00
1.186813852569638961e+01 -1.793638525696389152e+00
1.187089179956026541e+01 -1.792891799560266008e+00
1.187365275633286643e+01 -1.792152756332866304e+00
1.187642143208642764e+01 -1.791421432086426790e+00
1.187919786304923697e+01 -1.790697863049237171e+00
1.188198208560626057e+01 -1.789982085606260043e+00
1.188477413629975565e+01 -1.789274136299756179e+00
1.188757405182989757e+01 -1.788574051829897371e+00
1.189038186905540151e+01 -1.787881869055402362e+00
1.189319762499415667e+01 -1.787197624994156797e+00
1.189602135682385509e+01 -1.786521356823854489e+00
1.189885310188261514e+01 -1.785853101882615590e+00
1.190169289766963523e+01 -1.785192897669634959e+00
1.190454078184581199e+01 -1.784540781845810997e+00
1.190739679223439218e+01 -1.783896792234392237e+00
1.191026096682161395e+01 -1.783260966821613280e+00
1.191313334375734456e+01 -1.782633343757344946e+00
1.191601396135573410e+01 -1.782013961355733755e+00
1.191890285809586203e+01 -1.781402858095862740e+00
1.192180007262239450e+01 -1.780800072622394481e+00
1.192470564374622910e+01 -1.780205643746228361e+00
1.192761961044515573e+01 -1.779619610445156042e+00
1.193054201186452268e+01 -1.779042011864522266e+00
1.193347288731788680e+01 -1.778472887317887441e+00
1.193641227628768675e+01 -1.777912276287686666e+00
1.193936021842590733e+01 -1.777360218425908300e+00
1.194231675355474742e+01 -1.776816753554747663e+00
1.194528192166728964e+01 -1.776281921667289154e+00
1.194825576292817715e+01 -1.775755762928177717e+00
1.195123831767429401e+01 -1.775238317674293853e+00
1.195422962641544018e+01 -1.774729626415439299e+00
1.195722972983500654e+01 -1.774229729835006708e+00
1.196023866879067654e+01 -1.773738668790675987e+00
1.196325648431509592e+01 -1.773256484315096415e+00
1.196628321761657432e+01 -1.772783217616574092e+00
1.196931891007976922e+01 -1.772318910079770049e+00
1.197236360326638582e+01 -1.771863603266385923e+00
1.197541733891587157e+01 -1.771417338915870943e+00
1.197848015894611606e+01 -1.770980158946116489e+00
1.198155210545415805e+01 -1.770552105454157754e+00
1.198463322071688175e+01 -1.770133220716880729e+00
1.198772354719172917e+01 -1.769723547191729196e+00
1.199082312751741952e+01 -1.769323127517418826e+00
1.199393200451464381e+01 -1.768932004514644163e+00
1.199705022118680020e+01 -1.768550221186799831e+00
1.200017782072069572e+01 -1.768177820720696403e+00
1.200331484648727809e+01 -1.767814846487278047e+00
1.200646134204235693e+01 -1.767461342042356165e+00
1.200961735112732676e+01 -1.767117351127327041e+00
1.201278291766990414e+01 -1.766782917669903696e+00
1.201595808578484892e+01 -1.766458085784849530e+00
1.201914289977470851e+01 -1.766142899774708397e+00
1.202233740413055152e+01 -1.765837404130552457e+00
1.202554164353270849e+01 -1.765541643532708704e+00
1.202875566285151621e+01 -1.765255662851515694e+00
1.203197950714806019e+01 -1.764979507148060733e+00
1.203521322167492968e+01 -1.764713221674929500e+00
1.203845685187696013e+01 -1.764456851876959220e+00
1.204171044339199170e+01 -1.764210443391991845e+00
1.204497404205163669e+01 -1.763974042051636104e+00
1.204824769388201844e+01 -1.763747693882018908e+00
1.205153144510455654e+01 -1.763531445104556283e+00
1.205482534213671464e+01 -1.763325342136715435e+00
1.205812943159278028e+01 -1.763129431592780350e+00
1.206144376028463228e+01 -1.762943760284631622e+00
1.206476837522251344e+01 -1.762768375222513839e+00
1.206810332361581573e+01 -1.762603323615815398e+00
1.207144865287384583e+01 -1.762448652873846555e+00
1.207480441060662990e+01 -1.762304410606629901e+00
1.207817064462567558e+01 -1.762170644625674854e+00
1.208154740294477669e+01 -1.762047402944777019e+00
1.208493473378080729e+01 -1.761934733780806894e+00
1.208833268555450147e+01 -1.761832685554502120e+00
1.209174130689127225e+01 -1.761741306891272174e+00
1.209516064662199319e+01 -1.761660646621992399e+00
1.209859075378381021e+01 -1.761590753783810470e+00
1.210203167762096044e+01 -1.761531677620959968e+00
1.210548346758555383e+01 -1.761483467585554408e+00
1.210894617333842227e+01 -1.761446173338422128e+00
1.211241984474990474e+01 -1.761419844749905650e+00
1.211590453190068750e+01 -1.761404531900687687e+00
1.211940028508261236e+01 -1.761400285082611816e+00
1.212290715479951508e+01 -1.761407154799515595e+00
1.212642519176804434e+01 -1.761425191768044130e+00
1.212995444691849833e+01 -1.761454446918497396e+00
1.213349497139565258e+01 -1.761494971395652698e+00
1.213704681655961792e+01 -1.761546816559617312e+00
1.214061003398665228e+01 -1.761610033986652724e+00
1.214418467547003289e+01 -1.761684675470032602e+00
1.214777079302088403e+01 -1.761770793020884796e+00
1.215136843886904039e+01 -1.761868438869040432e+00
1.215497766546389613e+01 -1.761977665463895448e+00
1.215859852547526110e+01 -1.762098525475261468e+00
1.216223107179422591e+01 -1.762231071794225556e+00
1.216587535753401994e+01 -1.762375357534020637e+00
1.216953143603088705e+01 -1.762531436030887022e+00
1.217319936084494358e+01 -1.762699360844942831e+00
1.217687918576106121e+01 -1.762879185761061507e+00
1.218057096478974799e+01 -1.763070964789747563e+00
1.218427475216801348e+01 -1.763274752168014103e+00
1.218799060236026932e+01 -1.763490602360269222e+00
1.219171857005920501e+01 -1.763718570059204183e+00
1.219545871018667960e+01 -1.763958710186679824e+00
1.219921107789462233e+01 -1.764211077894621837e+00
1.220297572856592261e+01 -1.764475728565923163e+00
1.220675271781533766e+01 -1.764752717815337490e+00
1.221054210149038077e+01 -1.765042101490381654e+00
1.221434393567225207e+01 -1.765343935672252229e+00
1.221815827667673204e+01 -1.765658276676731475e+00
1.222198518105509990e+01 -1.765985181055100384e+00
1.222582470559505552e+01 -1.766324705595055278e+00
1.222967690732163781e+01 -1.766676907321636847e+00
1.223354184349814489e+01 -1.767041843498144971e+00
1.223741957162707372e+01 -1.767419571627073083e+00
1.224131014945103502e+01 -1.767810149451035429e+00
1.224521363495371595e+01 -1.768213634953715641e+00
1.224913008636078082e+01 -1.768630086360781561e+00
1.225305956214084979e+01 -1.769059562140849806e+00
1.225700212100642439e+01 -1.769502121006423678e+00
1.226095782191484140e+01 -1.769957821914841745e+00
1.226492672406923212e+01 -1.770426724069231739e+00
1.226890888691946557e+01 -1.770908886919466241e+00
1.227290437016312730e+01 -1.771404370163127240e+00
1.227691323374647325e+01 -1.771913233746472471e+00
1.228093553786538550e+01 -1.772435537865385768e+00
1.228497134296637405e+01 -1.772971342966373598e+00
1.228902070974752547e+01 -1.773520709747526070e+00
1.229308369915949228e+01 -1.774083699159492156e+00
1.229716037240647886e+01 -1.774660372406478004e+00
1.230125079094721663e+01 -1.775250790947216828e+00
1.230535501649596775e+01 -1.775855016495967220e+00
1.230947311102350739e+01 -1.776473111023507911e+00
1.231360513675813273e+01 -1.777105136758132531e+00
1.231775115618665239e+01 -1.777751156186653247e+00
1.232191123205540428e+01 -1.778411232055404412e+00
1.232608542737125035e+01 -1.779085427371249750e+00
1.233027380540260332e+01 -1.779773805402603770e+00
1.233447642968044100e+01 -1.780476429680440731e+00
1.233869336399931882e+01 -1.781193363999317825e+00
1.234292467241840185e+01 -1.781924672418401912e+00
1.234717041926249159e+01 -1.782670419262490924e+00
1.235143066912305798e+01 -1.783430669123058365e+00
1.235570548685928216e+01 -1.784205486859281820e+00
1.235999493759907963e+01 -1.784994937599080345e+00
1.236429908674017142e+01 -1.785799086740171404e+00
1.236861799995110189e+01 -1.786617999951101154e+00
1.237295174317231705e+01 -1.787451743172317364e+00
1.237730038261721077e+01 -1.788300382617210360e+00
1.238166398477317820e+01 -1.789163984773178839e+00
1.238604261640269577e+01 -1.790042616402695685e+00
1.239043634454437814e+01 -1.790936344544377334e+00
1.239484523651404757e+01 -1.791845236514047812e+00
1.239926935990583523e+01 -1.792769359905834747e+00
1.240370878259322218e+01 -1.793708782593222750e+00
1.240816357273016557e+01 -1.794663572730165413e+00
1.241263379875215911e+01 -1.795633798752158228e+00
1.241711952937733621e+01 -1.796619529377336377e+00
1.242162083360757663e+01 -1.797620833607576074e+00
1.242613778072958652e+01 -1.798637780729587021e+00
1.243067044031603174e+01 -1.799670440316031517e+00
1.243521888222662319e+01 -1.800718882226624018e+00
1.243978317660924837e+01 -1.801783176609248471e+00
1.244436339390107982e+01 -1.802863393901079192e+00
1.244895960482970310e+01 -1.803959604829703522e+00
1.245357188041424834e+01 -1.805071880414248042e+00
1.245820029196651291e+01 -1.806200291966511884e+00
1.246284491109209824e+01 -1.807344911092098272e+00
1.246750580969156630e+01 -1.808505809691565602e+00
1.247218305996155507e+01 -1.809683059961555429e+00
1.247687673439596345e+01 -1.810876734395963084e+00
1.248158690578706498e+01 -1.812086905787065660e+00
1.248631364722671044e+01 -1.813313647226710401e+00
1.249105703210744700e+01 -1.814557032107446233e+00
1.249581713412371542e+01 -1.815817134123715704e+00
1.250059402727301006e+01 -1.817094027273009615e+00
1.250538778585705657e+01 -1.818387785857057182e+00
1.251019848448298966e+01 -1.819698484482989542e+00
1.251502619806454319e+01 -1.821026198064544133e+00
1.251987100182323509e+01 -1.822371001823235304e+00
1.252473297128956808e+01 -1.823732971289567573e+00
1.252961218230421281e+01 -1.825112182304213349e+00
1.253450871101923703e+01 -1.826508711019236841e+00
1.253942263389929046e+01 -1.827922633899289551e+00
1.254435402772282337e+01 -1.829354027722823517e+00
1.254930296958331581e+01 -1.830802969583315232e+00
1.255426953689048197e+01 -1.832269536890482442e+00
1.255925380737151187e+01 -1.833753807371511613e+00
1.256425585907228815e+01 -1.835255859072288942e+00
1.256927577035864196e+01 -1.836775770358642035e+00
1.257431361991757512e+01 -1.838313619917574471e+00
1.257936948675850708e+01 -1.839869486758507477e+00
1.258444345021454502e+01 -1.841443450214544697e+00
1.258953558994371669e+01 -1.843035589943717412e+00
1.259464598593024398e+01 -1.844645985930243981e+00
1.259977471848580244e+01 -1.846274718485801714e+00
1.260492186825079131e+01 -1.847921868250791633e+00
1.261008751619561252e+01 -1.849587516195612125e+00
1.261527174362194259e+01 -1.851271743621943244e+00
1.262047463216403287e+01 -1.852974632164032798e+00
1.262569626378997611e+01 -1.854696263789975319e+00
1.263093672080301744e+01 -1.856436720803017693e+00
1.263619608584285992e+01 -1.858196085842859446e+00
1.264147444188694891e+01 -1.859974441886949492e+00
1.264677187225179544e+01 -1.861771872251795301e+00
1.265208846059429071e+01 -1.863588460594291618e+00
1.265742429091302412e+01 -1.865424290913024308e+00
1.266277944754960139e+01 -1.867279447549600846e+00
1.266815401518998740e+01 -1.869154015189987916e+00
1.267354807886583323e+01 -1.871048078865833020e+00
1.267896172395581722e+01 -1.872961723955816282e+00
1.268439503618698794e+01 -1.874895036186988051e+00
1.268984810163612842e+01 -1.876848101636127808e+00
1.269532100673109376e+01 -1.878821006731094201e+00
1.270081383825218602e+01 -1.880813838252185732e+00
1.270632668333351312e+01 -1.882826683333513884e+00
1.271185962946436732e+01 -1.884859629464367359e+00
1.271741276449059477e+01 -1.886912764490594085e+00
1.272298617661597397e+01 -1.888986176615974344e+00
1.272857995440363510e+01 -1.891079954403634744e+00
1.273419418677740111e+01 -1.893194186777401811e+00
1.273982896302323375e+01 -1.895328963023233726e+00
1.274548437279061375e+01 -1.897484372790612994e+00
1.275116050609394769e+01 -1.899660506093947987e+00
1.275685745331400511e+01 -1.901857453314004687e+00
1.276257530519930761e+01 -1.904075305199308232e+00
1.276831415286758542e+01 -1.906314152867585321e+00
1.277407408780718612e+01 -1.908574087807185293e+00
1.277985520187852053e+01 -1.910855201878520759e+00
1.278565758731551227e+01 -1.913157587315511776e+00
1.279148133672702592e+01 -1.915481336727026473e+00
1.279732654309835027e+01 -1.917826543098350101e+00
1.280319329979262655e+01 -1.920193299792627428e+00
1.280908170055233697e+01 -1.922581700552337125e+00
1.281499183950076137e+01 -1.924991839500760804e+00
1.282092381114346047e+01 -1.927423811143460952e+00
1.282687771036976088e+01 -1.929877710369760635e+00
1.283285363245423127e+01 -1.932353632454230308e+00
1.283885167305818698e+01 -1.934851673058187060e+00
1.284487192823119095e+01 -1.937371928231190310e+00
1.285091449441254596e+01 -1.939914494412546375e+00
1.285697946843282224e+01 -1.942479468432821932e+00
1.286306694751536206e+01 -1.945066947515362799e+00
1.286917702927781093e+01 -1.947677029277810945e+00
1.287530981173364353e+01 -1.950309811733642817e+00
1.288146539329368423e+01 -1.952965393293684571e+00
1.288764387276768808e+01 -1.955643872767687697e+00
1.289384534936583648e+01 -1.958345349365837151e+00
1.290006992270033237e+01 -1.961069922700332313e+00
1.290631769278693142e+01 -1.963817692786930635e+00
1.291258876004651768e+01 -1.966588760046517947e+00
1.291888322530668631e+01 -1.969383225306685858e+00
1.292520118980329258e+01 -1.972201189803293175e+00
1.293154275518206653e+01 -1.975042755182066401e+00
1.293790802350017621e+01 -1.977908023500175361e+00
1.294429709722783528e+01 -1.980797097227835479e+00
1.295071007924991058e+01 -1.983710079249910052e+00
1.295714707286752088e+01 -1.986647072867521402e+00
1.296360818179965335e+01 -1.989608181799653153e+00
1.297009351018478540e+01 -1.992593510184786254e+00
1.297660316258251534e+01 -1.995603162582515466e+00
1.298313724397518421e+01 -1.998637243975183608e+00
1.298969585976952601e+01 -2.001695859769526464e+00
1.299627911579831796e+01 -2.004779115798317690e+00
1.300288711832201827e+01 -2.007887118322017272e+00
1.300951997403042881e+01 -2.011019974030428870e+00
1.301617779004437736e+01 -2.014177790044376692e+00
1.302286067391736246e+01 -2.017360673917362845e+00
1.302956873363726054e+01 -2.020568733637260195e+00
1.303630207762798321e+01 -2.023802077627983920e+00
1.304306081475119150e+01 -2.027060814751191486e+00
1.304984505430797981e+01 -2.030345054307979069e+00
1.305665490604058476e+01 -2.033654906040585075e+00
1.306349048013410297e+01 -2.036990480134102555e+00
1.307035188721819452e+01 -2.040351887218193383e+00
1.307723923836882030e+01 -2.043739238368820210e+00
1.308415264510997567e+01 -2.047152645109976632e+00
1.309109221941542245e+01 -2.050592219415422690e+00
1.309805807371042441e+01 -2.054058073710423926e+00
1.310505032087351829e+01 -2.057550320873518857e+00
1.311206907423826351e+01 -2.061069074238263354e+00
1.311911444759500789e+01 -2.064614447595007007e+00
1.312618655519265154e+01 -2.068186555192651710e+00
1.313328551174045344e+01 -2.071785511740452890e+00
1.314041143240977760e+01 -2.075411432409778101e+00
1.314756443283592802e+01 -2.079064432835927789e+00
1.315474462911991438e+01 -2.082744629119915203e+00
1.316195213783028883e+01 -2.086452137830288933e+00
1.316918707600493477e+01 -2.090187076004934141e+00
1.317644956115290000e+01 -2.093949561152900429e+00
1.318373971125623889e+01 -2.097739711256238593e+00
1.319105764477182063e+01 -2.101557644771819611e+00
1.319840348063318558e+01 -2.105403480633185609e+00
1.320577733825241218e+01 -2.109277338252411482e+00
1.321317933752194129e+01 -2.113179337521941648e+00
1.322060959881646980e+01 -2.117109598816469429e+00
1.322806824299480510e+01 -2.121068242994805786e+00
1.323555539140175519e+01 -2.125055391401755145e+00
1.324307116587000621e+01 -2.129071165870005444e+00
1.325061568872202322e+01 -2.133115688722023506e+00
1.325818908277195263e+01 -2.137189082771952187e+00
1.326579147132752112e+01 -2.141291471327521734e+00
1.327342297819197370e+01 -2.145422978191973584e+00
1.328108372766595835e+01 -2.149583727665959287e+00
1.328877384454951560e+01 -2.153773844549515815e+00
1.329649345414395611e+01 -2.157993454143955603e+00
1.330424268225384310e+01 -2.162242682253843640e+00
1.331202165518895164e+01 -2.166521655188951456e+00
1.331983049976620492e+01 -2.170830499766204014e+00
1.332766934331165842e+01 -2.175169343311658565e+00
1.333553831366248765e+01 -2.179538313662487070e+00
1.334343753916894038e+01 -2.183937539168940845e+00
1.335136714869637586e+01 -2.188367148696375608e+00
1.335932727162721889e+01 -2.192827271627219687e+00
1.336731803786300254e+01 -2.197318037863002615e+00
1.337533957782636840e+01 -2.201839577826367744e+00
1.338339202246308979e+01 -2.206392022463090186e+00
1.339147550324411995e+01 -2.210975503244119622e+00
1.339959015216760996e+01 -2.215590152167608906e+00
1.340773610176096575e+01 -2.220236101760965752e+00
1.341591348508291759e+01 -2.224913485082918641e+00
1.342412243572557351e+01 -2.229622435725573837e+00
1.343236308781647637e+01 -2.234363087816475968e+00
1.344063557602071057e+01 -2.239135576020711227e+00
1.344894003554298223e+01 -2.243940035542982159e+00
1.345727660212970456e+01 -2.248776602129703761e+00
1.346564541207111532e+01 -2.253645412071115572e+00
1.347404660220339423e+01 -2.258546602203393761e+00
1.348248030991076085e+01 -2.263480309910761434e+00
1.349094667312764173e+01 -2.268446673127641589e+00
1.349944583034076473e+01 -2.273445830340765639e+00
1.350797792059135283e+01 -2.278477920591353012e+00
1.351654308347723621e+01 -2.283543083477235669e+00
1.352514145915504074e+01 -2.288641459155041247e+00
1.353377318834236220e+01 -2.293773188342361991e+00
1.354243841231992818e+01 -2.298938412319927238e+00
1.355113727293380066e+01 -2.304137272933800773e+00
1.355986991259758057e+01 -2.309369912597579955e+00
1.356863647429459085e+01 -2.314636474294591295e+00
1.357743710158012185e+01 -2.319937101580121563e+00
1.358627193858361970e+01 -2.325271938583620468e+00
1.359514113001095836e+01 -2.330641130010958406e+00
1.360404482114664582e+01 -2.336044821146645134e+00
1.361298315785609248e+01 -2.341483157856092845e+00
1.362195628658787605e+01 -2.346956286587875695e+00
1.363096435437598863e+01 -2.352464354375987554e+00
1.364000750884212465e+01 -2.358007508842124622e+00
1.364908589819797591e+01 -2.363585898197976931e+00
1.365819967124751777e+01 -2.369199671247518069e+00
1.366734897738930421e+01 -2.374848977389303784e+00
1.367653396661878240e+01 -2.380533966618783026e+00
1.368575478953064106e+01 -2.386254789530640963e+00
1.369501159732110374e+01 -2.392011597321102911e+00
1.370430454179029311e+01 -2.397804541790293342e+00
1.371363377534457584e+01 -2.403633775344575341e+00
1.372299945099890905e+01 -2.409499450998909609e+00
1.373240172237923140e+01 -2.415401722379231231e+00
1.374184074372481490e+01 -2.421340743724815781e+00
1.375131666989067547e+01 -2.427316669890675627e+00
1.376082965634994082e+01 -2.433329656349940251e+00
1.377037985919627694e+01 -2.439379859196277422e+00
1.377996743514630928e+01 -2.445467435146309043e+00
1.378959254154202085e+01 -2.451592541542019887e+00
1.379925533635320178e+01 -2.457755336353201869e+00
1.380895597817989895e+01 -2.463955978179898310e+00
1.381869462625485134e+01 -2.470194626254851755e+00
1.382847144044597520e+01 -2.476471440445974892e+00
1.383828658125880473e+01 -2.482786581258805469e+00
1.384814020983901628e+01 -2.489140209839016293e+00
1.385803248797487441e+01 -2.495532487974873703e+00
1.386796357809976499e+01 -2.501963578099765328e+00
1.387793364329470513e+01 -2.508433643294704751e+00
1.388794284729084616e+01 -2.514942847290845052e+00
1.389799135447201373e+01 -2.521491354472013668e+00
1.390807932987726048e+01 -2.528079329877261472e+00
1.391820693920340624e+01 -2.534706939203406506e+00
1.392837434880759773e+01 -2.541374348807597272e+00
1.393858172570987186e+01 -2.548081725709872458e+00
1.394882923759577409e+01 -2.554829237595773961e+00
1.395911705281889681e+01 -2.561617052818895957e+00
1.396944534040352082e+01 -2.568445340403521016e+00
1.397981427004722121e+01 -2.575314270047220688e+00
1.399022401212346978e+01 -2.582224012123470303e+00
1.400067473768429238e+01 -2.589174737684292182e+00
1.401116661846289091e+01 -2.596166618462891762e+00
1.402169982687632022e+01 -2.603199826876320344e+00
1.403227453602812780e+01 -2.610274536028127201e+00
1.404289091971103254e+01 -2.617390919711032993e+00
1.405354915240963720e+01 -2.624549152409636932e+00
1.406424940930308232e+01 -2.631749409303081322e+00
1.407499186626777643e+01 -2.638991866267776487e+00
1.408577669988012460e+01 -2.646276699880123928e+00
1.409660408741921600e+01 -2.653604087419216384e+00
1.410747420686960751e+01 -2.660974206869607173e+00
1.411838723692403441e+01 -2.668387236924035122e+00
1.412934335698620458e+01 -2.675843356986204569e+00
1.414034274717353590e+01 -2.683342747173535159e+00
1.415138558831995397e+01 -2.690885588319954280e+00
1.416247206197870234e+01 -2.698472061978701930e+00
1.417360235042511007e+01 -2.706102350425108938e+00
1.418477663665942323e+01 -2.713776636659423147e+00
1.419599510440964352e+01 -2.721495104409644483e+00
1.420725793813435622e+01 -2.729257938134356465e+00
1.421856532302555998e+01 -2.737065323025559493e+00
1.422991744501153910e+01 -2.744917445011539670e+00
1.424131449075976086e+01 -2.752814490759760702e+00
1.425275664767970696e+01 -2.760756647679706077e+00
1.426424410392579567e+01 -2.768744103925795841e+00
1.427577704840030037e+01 -2.776777048400299819e+00
1.428735567075622548e+01 -2.784855670756225976e+00
1.429898016140027650e+01 -2.792980161400276273e+00
1.431065071149575729e+01 -2.801150711495758117e+00
1.432236751296556676e+01 -2.809367512965566860e+00
1.433413075849511742e+01 -2.817630758495116794e+00
1.434594064153532500e+01 -2.825940641535325426e+00
1.435779735630562115e+01 -2.834297356305620852e+00
1.436970109779690574e+01 -2.842701097796904719e+00
1.438165206177458089e+01 -2.851152061774580915e+00
1.439365044478157785e+01 -2.859650444781577150e+00
1.440569644414136619e+01 -2.868196444141366541e+00
1.441779025796102864e+01 -2.876790257961028274e+00
1.442993208513428627e+01 -2.885432085134286950e+00
1.444212212534459994e+01 -2.894122125344599894e+00
1.445436057906822569e+01 -2.902860579068224922e+00
1.446664764757730559e+01 -2.911647647577305875e+00
1.447898353294301188e+01 -2.920483532943011440e+00
1.449136843803860764e+01 -2.929368438038608247e+00
1.450380256654263356e+01 -2.938302566542633443e+00
1.451628612294199883e+01 -2.947286122941999764e+00
1.452881931253518388e+01 -2.956319312535184096e+00
1.454140234143536325e+01 -2.965402341435362743e+00
1.455403541657360655e+01 -2.974535416573607094e+00
1.456671874570209013e+01 -2.983718745702089947e+00
1.457945253739725544e+01 -2.992952537397254531e+00
1.459223700106306154e+01 -3.002237001063061683e+00
1.460507234693421630e+01 -3.011572346934215716e+00
1.461795878607938626e+01 -3.020958786079386726e+00
1.463089653040449889e+01 -3.030396530404498634e+00
1.464388579265596135e+01 -3.039885792655962149e+00
1.465692678642399116e+01 -3.049426786423991231e+00
1.467001972614586691e+01 -3.059019726145866258e+00
1.468316482710925186e+01 -3.068664827109252258e+00
1.469636230545554412e+01 -3.078362305455543790e+00
1.470961237818314871e+01 -3.088112378183147655e+00
1.472291526315087040e+01 -3.097915263150870402e+00
1.473627117908126571e+01 -3.107771179081266766e+00
1.474968034556401619e+01 -3.117680345564016520e+00
1.476314298305929107e+01 -3.127642983059290671e+00
1.477665931290116674e+01 -3.137659312901167397e+00
1.479022955730105693e+01 -3.147729557301056857e+00
1.480385393935110372e+01 -3.157853939351102923e+00
1.481753268302762372e+01 -3.168032683027623975e+00
1.483126601319460214e+01 -3.178266013194601669e+00
1.484505415560709451e+01 -3.188554155607095097e+00
1.485889733691477232e+01 -3.198897336914772183e+00
1.487279578466535845e+01 -3.209295784665359363e+00
1.488674972730819235e+01 -3.219749727308192533e+00
1.490075939419770457e+01 -3.230259394197704026e+00
1.491482501559696772e+01 -3.240825015596968228e+00
1.492894682268127582e+01 -3.251446822681275606e+00
1.494312504754165971e+01 -3.262125047541658773e+00
1.495735992318848773e+01 -3.272859923188487841e+00
1.497165168355508058e+01 -3.283651683555079970e+00
1.498600056350126764e+01 -3.294500563501268076e+00
1.500040679881706396e+01 -3.305406798817063674e+00
1.501487062622624258e+01 -3.316370626226243346e+00
1.502939228339005240e+01 -3.327392283390052441e+00
1.504397200891082242e+01 -3.338472008910821742e+00
1.505861004233566192e+01 -3.349610042335662285e+00
1.507330662416018363e+01 -3.360806624160183276e+00
1.508806199583214536e+01 -3.372061995832144277e+00
1.510287639975522112e+01 -3.383376399755221087e+00
1.511775007929273329e+01 -3.394750079292734313e+00
1.513268327877139896e+01 -3.406183278771399259e+00
1.514767624348506914e+01 -3.417676243485068710e+00
1.516272921969853904e+01 -3.429229219698539666e+00
1.517784245465135307e+01 -3.440842454651352966e+00
1.519301619656157953e+01 -3.452516196561578710e+00
1.520825069462965118e+01 -3.464250694629651406e+00
1.522354619904223938e+01 -3.476046199042238882e+00
1.523890296097604136e+01 -3.487902960976041911e+00
1.525432123260172546e+01 -3.499821232601725285e+00
1.526980126708775387e+01 -3.511801267087754752e+00
1.528534331860433504e+01 -3.523843318604335195e+00
1.530094764232730142e+01 -3.535947642327300855e+00
1.531661449444205836e+01 -3.548114494442058842e+00
1.533234413214755421e+01 -3.560344132147553964e+00
1.534813681366019722e+01 -3.572636813660196253e+00
1.536399279821785413e+01 -3.584992798217854215e+00
1.537991234608389135e+01 -3.597412346083890711e+00
1.539589571855109007e+01 -3.609895718551090482e+00
1.541194317794577096e+01 -3.622443177945770643e+00
1.542805498763176253e+01 -3.635054987631763268e+00
1.544423141201451166e+01 -3.647731412014511676e+00
1.546047271654511768e+01 -3.660472716545116967e+00
1.547677916772443929e+01 -3.673279167724439631e+00
1.549315103310722463e+01 -3.686151033107224251e+00
1.550958858130618978e+01 -3.699088581306188672e+00
1.552609208199617186e+01 -3.712092081996171800e+00
1.554266180591831059e+01 -3.725161805918311586e+00
1.555929802488420677e+01 -3.738298024884207038e+00
1.557600101178008245e+01 -3.751501011780081996e+00
1.559277104057099805e+01 -3.764771040570998650e+00
1.560960838630512271e+01 -3.778108386305122579e+00
1.562651332511789803e+01 -3.791513325117897182e+00
1.564348613423632983e+01 -3.804986134236330031e+00
1.566052709198327264e+01 -3.818527091983272115e+00
1.567763647778167524e+01 -3.832136477781675765e+00
1.569481457215894693e+01 -3.845814572158946731e+00
1.571206165675119593e+01 -3.859561656751196779e+00
1.572937801430766314e+01 -3.873378014307663264e+00
1.574676392869500674e+01 -3.887263928695006143e+00
1.576421968490168624e+01 -3.901219684901686691e+00
1.578174556904240688e+01 -3.915245569042406615e+00
1.579934186836245402e+01 -3.929341868362453027e+00
1.581700887124214816e+01 -3.943508871242148217e+00
1.583474686720132851e+01 -3.957746867201327845e+00
1.585255614690372639e+01 -3.972056146903726770e+00
1.587043700216153752e+01 -3.986437002161537180e+00
1.588838972593983101e+01 -4.000889725939831720e+00
1.590641461236114296e+01 -4.015414612361142943e+00
1.592451195670994224e+01 -4.030011956709941501e+00
1.594268205543719574e+01 -4.044682055437196055e+00
1.596092520616497978e+01 -4.059425206164979372e+00
1.597924170769100272e+01 -4.074241707691001579e+00
1.599763185999322701e+01 -4.089131859993226925e+00
1.601609596423452331e+01 -4.104095964234524274e+00
1.603463432276727829e+01 -4.119134322767278533e+00
1.605324723913803808e+01 -4.134247239138037600e+00
1.607193501809221203e+01 -4.149435018092212601e+00
1.609069796557877652e+01 -4.164697965578776362e+00
1.610953638875494320e+01 -4.180036388754942323e+00
1.612845059599092679e+01 -4.195450595990926956e+00
1.614744089687469497e+01 -4.210940896874694417e+00
1.616650760221670780e+01 -4.226507602216708293e+00
1.618565102405474931e+01 -4.242151024054749087e+00
1.620487147565867048e+01 -4.257871475658671301e+00
1.622416927153530608e+01 -4.273669271535306180e+00
1.624354472743321764e+01 -4.289544727433217020e+00
1.626299816034761747e+01 -4.305498160347617898e+00
1.628252988852526428e+01 -4.321529888525263985e+00
1.630214023146930558e+01 -4.337640231469304553e+00
1.632182950994424431e+01 -4.353829509944244336e+00
1.634159804598088783e+01 -4.370098045980887136e+00
1.636144616288124709e+01 -4.386446162881247446e+00
1.638137418522360278e+01 -4.402874185223602410e+00
1.640138243886741520e+01 -4.419382438867415885e+00
1.642147125095842597e+01 -4.435971250958425927e+00
1.644164094993363534e+01 -4.452640949933634573e+00
1.646189186552636485e+01 -4.469391865526365137e+00
1.648222432877140520e+01 -4.486224328771404757e+00
1.650263867201001489e+01 -4.503138672010013721e+00
1.652313522889510011e+01 -4.520135228895099999e+00
1.654371433439635197e+01 -4.537214334396352911e+00
1.656437632480539435e+01 -4.554376324805394560e+00
1.658512153774095310e+01 -4.571621537740952590e+00
1.660595031215405015e+01 -4.588950312154050692e+00
1.662686298833327214e+01 -4.606362988333271957e+00
1.664785990790996095e+01 -4.623859907909960043e+00
1.666894141386347883e+01 -4.641441413863478971e+00
1.669010785052653745e+01 -4.659107850526536865e+00
1.671135956359042396e+01 -4.676859563590424429e+00
1.673269690011041888e+01 -4.694696900110418625e+00
1.675412020851103279e+01 -4.712620208511033582e+00
1.677562983859148460e+01 -4.730629838591484670e+00
1.679722614153100224e+01 -4.748726141531001588e+00
1.681890946989425117e+01 -4.766909469894251572e+00
1.684068017763681979e+01 -4.785180177636819465e+00
1.686253862011057691e+01 -4.803538620110575863e+00
1.688448515406921402e+01 -4.821985154069214019e+00
1.690652013767373063e+01 -4.840520137673729906e+00
1.692864393049790550e+01 -4.859143930497905828e+00
1.695085689353391345e+01 -4.877856893533913052e+00
1.697315938919777523e+01 -4.896659389197775880e+00
1.699555178133505962e+01 -4.915551781335059545e+00
1.701803443522639014e+01 -4.934534435226389348e+00
1.704060771759310811e+01 -4.953607717593108362e+00
1.706327199660294625e+01 -4.972771996602945777e+00
1.708602764187563494e+01 -4.992027641875635524e+00
1.710887502448866826e+01 -5.011375024488668117e+00
1.713181451698294211e+01 -5.030814516982943019e+00
1.715484649336856293e+01 -5.050346493368563117e+00
1.717797132913054980e+01 -5.069971329130549265e+00
1.720118940123463247e+01 -5.089689401234632982e+00
1.722450108813310266e+01 -5.109501088133102442e+00
1.724790676977056947e+01 -5.129406769770568530e+00
1.727140682758983559e+01 -5.149406827589835700e+00
1.729500164453781963e+01 -5.169501644537819018e+00
1.731869160507136485e+01 -5.189691605071365288e+00
1.734247709516324676e+01 -5.209977095163246474e+00
1.736635850230803868e+01 -5.230358502308039448e+00
1.739033621552815845e+01 -5.250836215528158490e+00
1.741441062537977302e+01 -5.271410625379772341e+00
1.743858212395887364e+01 -5.292082123958874007e+00
1.746285110490730474e+01 -5.312851104907304389e+00
1.748721796341880719e+01 -5.333717963418806107e+00
1.751168309624509334e+01 -5.354683096245093310e+00
1.753624690170200395e+01 -5.375746901702004976e+00
1.756090977967561173e+01 -5.396909779675612029e+00
1.758567213162835685e+01 -5.418172131628356425e+00
1.761053436060525001e+01 -5.439534360605250640e+00
1.763549687124011101e+01 -5.460996871240110906e+00
1.766056006976173265e+01 -5.482560069761731825e+00
1.768572436400017622e+01 -5.504224364000176450e+00
1.771099016339307042e+01 -5.525990163393069921e+00
1.773635787899185345e+01 -5.547857878991854008e+00
1.776182792346817507e+01 -5.569827923468174902e+00
1.778740071112017418e+01 -5.591900711120175060e+00
1.781307665787894123e+01 -5.614076657878941390e+00
1.783885618131484563e+01 -5.636356181314845060e+00
1.786473970064399452e+01 -5.658739700643995008e+00
1.789072763673473077e+01 -5.681227636734730524e+00
1.791682041211403487e+01 -5.703820412114033900e+00
1.794301845097407266e+01 -5.726518450974072749e+00
1.796932217917874652e+01 -5.749322179178745884e+00
1.799573202427020036e+01 -5.772232024270200768e+00
1.802224841547545964e+01 -5.795248415475459325e+00
1.804887178371296841e+01 -5.818371783712969147e+00
1.807560256159932166e+01 -5.841602561599321675e+00
1.810244118345582365e+01 -5.864941183455822937e+00
1.812938808531522383e+01 -5.888388085315224174e+00
1.815644370492847059e+01 -5.911943704928470211e+00
1.818360848177135836e+01 -5.935608481771357248e+00
1.821088285705135235e+01 -5.959382857051352289e+00
1.823826727371440271e+01 -5.983267273714403700e+00
1.826576217645171596e+01 -6.007262176451716229e+00
1.829336801170661531e+01 -6.031368011706614851e+00
1.832108522768140091e+01 -6.055585227681401506e+00
1.834891427434430611e+01 -6.079914274344305980e+00
1.837685560343636126e+01 -6.104355603436360411e+00
1.840490966847835352e+01 -6.128909668478353723e+00
1.843307692477788606e+01 -6.153576924777885537e+00
1.846135782943626324e+01 -6.178357829436263771e+00
1.848975284135565289e+01 -6.203252841355652691e+00
1.851826242124603894e+01 -6.228262421246039793e+00
1.854688703163242636e+01 -6.253387031632426485e+00
1.857562713686185418e+01 -6.278627136861853586e+00
1.860448320311059689e+01 -6.303983203110597344e+00
1.863345569839138349e+01 -6.329455698391383223e+00
1.866254509256050653e+01 -6.355045092560505537e+00
1.869175185732510514e+01 -6.380751857325105192e+00
1.872107646625048005e+01 -6.406576466250479385e+00
1.875051939476725948e+01 -6.432519394767259868e+00
1.878008112017886333e+01 -6.458581120178862989e+00
1.880976212166869743e+01 -6.484762121668698143e+00
1.883956288030768889e+01 -6.511062880307688872e+00
1.886948387906155844e+01 -6.537483879061557701e+00
1.889952560279830607e+01 -6.564025602798306380e+00
1.892968853829573206e+01 -6.590688538295731647e+00
1.895997317424882667e+01 -6.617473174248825529e+00
1.899038000127734449e+01 -6.644380001277344405e+00
1.902090951193338242e+01 -6.671409511933383385e+00
1.905156220070894335e+01 -6.698562200708943593e+00
1.908233856404349993e+01 -6.725838564043499446e+00
1.911323910033168616e+01 -6.753239100331686728e+00
1.914426430993099970e+01 -6.780764309930999545e+00
1.917541469516941888e+01 -6.808414695169417996e+00
1.920669076035317957e+01 -6.836190760353179741e+00
1.923809301177459119e+01 -6.864093011774590636e+00
1.926962195771970343e+01 -6.892121957719703929e+00
1.930127810847628922e+01 -6.920278108476288992e+00
1.933306197634152568e+01 -6.948561976341526503e+00
1.936497407563005169e+01 -6.976974075630051786e+00
1.939701492268174832e+01 -7.005514922681747692e+00
1.942918503586974666e+01 -7.034185035869747082e+00
1.946148493560843917e+01 -7.062984935608438875e+00
1.949391514436140938e+01 -7.091915144361408352e+00
1.952647618664951423e+01 -7.120976186649514261e+00
1.955916858905901634e+01 -7.150168589059015645e+00
1.959199288024955621e+01 -7.179492880249556563e+00
1.962494959096244429e+01 -7.208949590962443921e+00
1.965803925402867236e+01 -7.238539254028673042e+00
1.969126240437728015e+01 -7.268262404377280106e+00
1.972461957904343421e+01 -7.298119579043433447e+00
1.975811131717677682e+01 -7.328111317176777106e+00
1.979173816004975706e+01 -7.358238160049756615e+00
1.982550065106586246e+01 -7.388500651065861291e+00
1.985939933576803895e+01 -7.418899335768038839e+00
1.989343476184712145e+01 -7.449434761847122388e+00
1.992760747915021824e+01 -7.480107479150218452e+00
1.996191803968916645e+01 -7.510918039689165937e+00
1.999636699764901948e+01 -7.541866997649020021e+00
2.003095490939667656e+01 -7.572954909396676371e+00
2.006568233348930619e+01 -7.604182333489305279e+00
2.010054983068300416e+01 -7.635549830683004302e+00
2.013555796394149766e+01 -7.667057963941497079e+00
2.017070729844465049e+01 -7.698707298444650959e+00
2.020599840159732707e+01 -7.730498401597326819e+00
2.024143184303798648e+01 -7.762431843037987278e+00
2.027700819464756421e+01 -7.794508194647564281e+00
2.031272803055819054e+01 -7.826728030558189886e+00
2.034859192716204390e+01 -7.859091927162044300e+00
2.038460046312028595e+01 -7.891600463120285625e+00
2.042075421937187230e+01 -7.924254219371871244e+00
2.045705377914252310e+01 -7.957053779142523098e+00
