1.123500080112018296e+01 -2.235000801120182956e+00
1.123664582008359680e+01 -2.233145820083596078e+00
1.123829083949589425e+01 -2.231290839495894573e+00
1.123993585936770145e+01 -2.229435859367701056e+00
1.124158087970989328e+01 -2.227580879709893935e+00
1.124322590053360749e+01 -2.225725900533607415e+00
1.124487092185023940e+01 -2.223870921850238602e+00
1.124651594367145613e+01 -2.222015943671456384e+00
1.124816096600920368e+01 -2.220160966009203207e+00
1.124980598887570871e+01 -2.218305988875709289e+00
1.125145101228348565e+01 -2.216451012283485511e+00
1.125309603624534560e+01 -2.214596036245344735e+00
1.125474106077440872e+01 -2.212741060774408908e+00
1.125638608588409717e+01 -2.210886085884096630e+00
1.125803111158815817e+01 -2.209031111588158680e+00
1.125967613790065691e+01 -2.207176137900656698e+00
1.126132116483599788e+01 -2.205321164835998715e+00
1.126296619240892483e+01 -2.203466192408924940e+00
1.126461122063452791e+01 -2.201611220634527299e+00
1.126625624952825788e+01 -2.199756249528258323e+00
1.126790127910592965e+01 -2.197901279105929362e+00
1.126954630938373292e+01 -2.196046309383733686e+00
1.127119134037823933e+01 -2.194191340378239374e+00
1.127283637210641487e+01 -2.192336372106414188e+00
1.127448140458562342e+01 -2.190481404585623793e+00
1.127612643783364454e+01 -2.188626437833644189e+00
1.127777147186867523e+01 -2.186771471868675931e+00
1.127941650670934592e+01 -2.184916506709345896e+00
1.128106154237472580e+01 -2.183061542374725050e+00
1.128270657888433703e+01 -2.181206578884337333e+00
1.128435161625816185e+01 -2.179351616258161428e+00
1.128599665451665679e+01 -2.177496654516657415e+00
1.128764169368076153e+01 -2.175641693680761435e+00
1.128928673377191494e+01 -2.173786733771914115e+00
1.129093177481206034e+01 -2.171931774812060567e+00
1.129257681682365799e+01 -2.170076816823657495e+00
1.129422185982970461e+01 -2.168221859829705167e+00
1.129586690385373871e+01 -2.166366903853738535e+00
1.129751194891985833e+01 -2.164511948919859208e+00
1.129915699505272819e+01 -2.162656995052728348e+00
1.130080204227759921e+01 -2.160802042277598645e+00
1.130244709062031738e+01 -2.158947090620317866e+00
1.130409214010734864e+01 -2.157092140107348399e+00
1.130573719076576999e+01 -2.155237190765770805e+00
1.130738224262331748e+01 -2.153382242623317566e+00
1.130902729570837018e+01 -2.151527295708369536e+00
1.131067235004998395e+01 -2.149672350049984360e+00
1.131231740567790212e+01 -2.147817405677901803e+00
1.131396246262257144e+01 -2.145962462622572176e+00
1.131560752091516164e+01 -2.144107520915161658e+00
1.131725258058757611e+01 -2.142252580587575395e+00
1.131889764167247669e+01 -2.140397641672477036e+00
1.132054270420329622e+01 -2.138542704203295841e+00
1.132218776821426154e+01 -2.136687768214262206e+00
1.132383283374040595e+01 -2.134832833740405889e+00
1.132547790081759764e+01 -2.132977900817596861e+00
1.132712296948254327e+01 -2.131122969482543539e+00
1.132876803977283231e+01 -2.129268039772831855e+00
1.133041311172692822e+01 -2.127413111726928818e+00
1.133205818538422349e+01 -2.125558185384223364e+00
1.133370326078502544e+01 -2.123703260785024582e+00
1.133534833797060415e+01 -2.121848337970604348e+00
1.133699341698320850e+01 -2.119993416983207979e+00
1.133863849786607858e+01 -2.118138497866079106e+00
1.134028358066348829e+01 -2.116283580663488095e+00
1.134192866542075073e+01 -2.114428665420751585e+00
1.134357375218425901e+01 -2.112573752184259135e+00
1.134521884100149691e+01 -2.110718841001496315e+00
1.134686393192107801e+01 -2.108863931921078461e+00
1.134850902499276337e+01 -2.107009024992763102e+00
1.135015412026749360e+01 -2.105154120267494378e+00
1.135179921779741186e+01 -2.103299217797411913e+00
1.135344431763590123e+01 -2.101444317635900561e+00
1.135508941983759890e+01 -2.099589419837599280e+00
1.135673452445844767e+01 -2.097734524458447325e+00
1.135837963155570129e+01 -2.095879631555702005e+00
1.136002474118798133e+01 -2.094024741187981320e+00
1.136166985341528601e+01 -2.092169853415285274e+00
1.136331496829903820e+01 -2.090314968299038512e+00
1.136496008590211737e+01 -2.088460085902116958e+00
1.136660520628888449e+01 -2.086605206288885128e+00
1.136825032952523173e+01 -2.084750329525231649e+00
1.136989545567860205e+01 -2.082895455678601238e+00
1.137154058481804242e+01 -2.081040584818042660e+00
1.137318571701423053e+01 -2.079185717014230050e+00
1.137483085233951563e+01 -2.077330852339516198e+00
1.137647599086795935e+01 -2.075475990867959197e+00
1.137812113267538372e+01 -2.073621132675382839e+00
1.137976627783938888e+01 -2.071766277839389048e+00
1.138141142643943304e+01 -2.069911426439432489e+00
1.138305657855683251e+01 -2.068056578556833003e+00
1.138470173427484866e+01 -2.066201734274848434e+00
1.138634689367869512e+01 -2.064346893678695949e+00
1.138799205685561944e+01 -2.062492056855619538e+00
1.138963722389492084e+01 -2.060637223894920211e+00
1.139128239488801597e+01 -2.058782394888016398e+00
1.139292756992848865e+01 -2.056927569928488353e+00
1.139457274911213247e+01 -2.055072749112133224e+00
1.139621793253700943e+01 -2.053217932537009460e+00
1.139786312030350679e+01 -2.051363120303506093e+00
1.139950831251437968e+01 -2.049508312514380037e+00
1.140115350927482218e+01 -2.047653509274821815e+00
1.140279871069251172e+01 -2.045798710692512401e+00
1.140444391687768011e+01 -2.043943916877680067e+00
1.140608912794316154e+01 -2.042089127943160776e+00
1.140773434400446718e+01 -2.040234344004467459e+00
1.140937956517983665e+01 -2.038379565179836206e+00
1.141102479159031091e+01 -2.036524791590311523e+00
1.141267002335979264e+01 -2.034670023359792523e+00
1.141431526061511903e+01 -2.032815260615118191e+00
1.141596050348612401e+01 -2.030960503486124225e+00
1.141760575210572348e+01 -2.029105752105722971e+00
1.141925100660996861e+01 -2.027251006609969153e+00
1.142089626713813644e+01 -2.025396267138136253e+00
1.142254153383279736e+01 -2.023541533832796446e+00
1.142418680683989862e+01 -2.021686806839898765e+00
1.142583208630883540e+01 -2.019832086308834818e+00
1.142747737239254313e+01 -2.017977372392543600e+00
1.142912266524757392e+01 -2.016122665247573664e+00
1.143076796503418713e+01 -2.014267965034187924e+00
1.143241327191643109e+01 -2.012413271916431157e+00
1.143405858606223724e+01 -2.010558586062236586e+00
1.143570390764351252e+01 -2.008703907643512920e+00
1.143734923683622817e+01 -2.006849236836227846e+00
1.143899457382052098e+01 -2.004994573820521708e+00
1.144063991878079278e+01 -2.003139918780792783e+00
1.144228527190580813e+01 -2.001285271905807406e+00
1.144393063338879379e+01 -1.999430633388794121e+00
1.144557600342755066e+01 -1.997576003427550262e+00
1.144722138222456209e+01 -1.995721382224562745e+00
1.144886676998710229e+01 -1.993866769987102217e+00
1.145051216692734819e+01 -1.992012166927347394e+00
1.145215757326249673e+01 -1.990157573262496982e+00
1.145380298921488738e+01 -1.988302989214886907e+00
1.145544841501211764e+01 -1.986448415012118218e+00
1.145709385088716914e+01 -1.984593850887168998e+00
1.145873929707853733e+01 -1.982739297078536467e+00
1.146038475383036115e+01 -1.980884753830361333e+00
1.146203022139255445e+01 -1.979030221392553912e+00
1.146367570002094638e+01 -1.977175700020946891e+00
1.146532118997741634e+01 -1.975321189977416125e+00
1.146696669153003967e+01 -1.973466691530040507e+00
1.146861220495323508e+01 -1.971612204953235192e+00
1.147025773052791742e+01 -1.969757730527916806e+00
1.147190326854163622e+01 -1.967903268541636663e+00
1.147354881928875692e+01 -1.966048819288756633e+00
1.147519438307060113e+01 -1.964194383070601901e+00
1.147683996019562436e+01 -1.962339960195624400e+00
1.147848555097957401e+01 -1.960485550979573333e+00
1.148013115574566889e+01 -1.958631155745669261e+00
1.148177677482477677e+01 -1.956776774824776410e+00
1.148342240855559027e+01 -1.954922408555590962e+00
1.148506805728481339e+01 -1.953068057284813364e+00
1.148671372136735513e+01 -1.951213721367354381e+00
1.148835940116651599e+01 -1.949359401166516292e+00
1.149000509705419404e+01 -1.947505097054193612e+00
1.149165080941108386e+01 -1.945650809411084481e+00
1.149329653862688083e+01 -1.943796538626880732e+00
1.149494228510050675e+01 -1.941942285100505927e+00
1.149658804924031053e+01 -1.940088049240310752e+00
1.149823383146430800e+01 -1.938233831464307499e+00
1.149987963220039333e+01 -1.936379632200393885e+00
1.150152545188659303e+01 -1.934525451886592862e+00
1.150317129097128088e+01 -1.932671290971281763e+00
1.150481714991345328e+01 -1.930817149913453434e+00
1.150646302918294239e+01 -1.928963029182941824e+00
1.150810892926070572e+01 -1.927108929260706205e+00
1.150975485063907300e+01 -1.925254850639072757e+00
1.151140079382201797e+01 -1.923400793822018784e+00
1.151304675932543198e+01 -1.921546759325432063e+00
1.151469274767740636e+01 -1.919692747677405720e+00
1.151633875941852736e+01 -1.917838759418527772e+00
1.151798479510215678e+01 -1.915984795102156468e+00
1.151963085529474817e+01 -1.914130855294748912e+00
1.152127694057614882e+01 -1.912276940576148831e+00
1.152292305153992125e+01 -1.910423051539920536e+00
1.152456918879365588e+01 -1.908569188793656224e+00
1.152621535295932098e+01 -1.906715352959320597e+00
1.152786154467358060e+01 -1.904861544673581264e+00
1.152950776458816406e+01 -1.903007764588164008e+00
1.153115401337020351e+01 -1.901154013370202733e+00
1.153280029170260512e+01 -1.899300291702605392e+00
1.153444660028442392e+01 -1.897446600284423468e+00
1.153609293983124573e+01 -1.895592939831246326e+00
1.153773931107556727e+01 -1.893739311075567144e+00
1.153938571476720831e+01 -1.891885714767207460e+00
1.154103215167371665e+01 -1.890032151673716854e+00
1.154267862258078026e+01 -1.888178622580779731e+00
1.154432512829266422e+01 -1.886325128292664743e+00
1.154597166963264598e+01 -1.884471669632645785e+00
1.154761824744346654e+01 -1.882618247443467396e+00
1.154926486258778340e+01 -1.880764862587783526e+00
1.155091151594864840e+01 -1.878911515948647803e+00
1.155255820842998382e+01 -1.877058208429984276e+00
1.155420494095707973e+01 -1.875204940957079458e+00
1.155585171447709314e+01 -1.873351714477093921e+00
1.155749852995957383e+01 -1.871498529959573887e+00
1.155914538839697414e+01 -1.869645388396973473e+00
1.156079229080521031e+01 -1.867792290805210698e+00
1.156243923822420605e+01 -1.865939238224205710e+00
1.156408623171845917e+01 -1.864086231718459885e+00
1.156573327237762072e+01 -1.862233272377620708e+00
1.156738036131709357e+01 -1.860380361317092834e+00
1.156902749967863642e+01 -1.858527499678636730e+00
1.157067468863098192e+01 -1.856674688630981507e+00
1.157232192937048332e+01 -1.854821929370483957e+00
1.157396922312175391e+01 -1.852969223121753828e+00
1.157561657113834208e+01 -1.851116571138341271e+00
1.157726397470341340e+01 -1.849263974703413638e+00
1.157891143513043986e+01 -1.847411435130439372e+00
1.158055895376392996e+01 -1.845558953763930532e+00
1.158220653198014460e+01 -1.843706531980144447e+00
1.158385417118786087e+01 -1.841854171187859990e+00
1.158550187282911992e+01 -1.840001872829120089e+00
1.158714963838003520e+01 -1.838149638380034645e+00
1.158879746935157407e+01 -1.836297469351574563e+00
1.159044536729038732e+01 -1.834445367290387097e+00
1.159209333377965834e+01 -1.832593333779659162e+00
1.159374137043994857e+01 -1.830741370439948668e+00
1.159538947893009109e+01 -1.828889478930090462e+00
1.159703766094808586e+01 -1.827037660948086284e+00
1.159868591823202166e+01 -1.825185918232021365e+00
1.160033425256102646e+01 -1.823334252561027213e+00
1.160198266575623016e+01 -1.821482665756230190e+00
1.160363115968175229e+01 -1.819631159681751598e+00
1.160527973624571629e+01 -1.817779736245716649e+00
1.160692839740128868e+01 -1.815928397401288308e+00
1.160857714514773242e+01 -1.814077145147733106e+00
1.161022598153150120e+01 -1.812225981531501162e+00
1.161187490864734428e+01 -1.810374908647343517e+00
1.161352392863943805e+01 -1.808523928639438338e+00
1.161517304370256376e+01 -1.806673043702563319e+00
1.161682225608328878e+01 -1.804822256083289389e+00
1.161847156808118342e+01 -1.802971568081183307e+00
1.162012098205007327e+01 -1.801120982050072428e+00
1.162177050039931103e+01 -1.799270500399311246e+00
1.162342012559509108e+01 -1.797420125595090568e+00
1.162506986016177102e+01 -1.795569860161771558e+00
1.162671970668325372e+01 -1.793719706683253534e+00
1.162836966780438175e+01 -1.791869667804380839e+00
1.163001974623236556e+01 -1.790019746232365705e+00
1.163166994473825788e+01 -1.788169944738257300e+00
1.163332026615844761e+01 -1.786320266158448078e+00
1.163497071339619993e+01 -1.784470713396199670e+00
1.163662128942321949e+01 -1.782621289423220290e+00
1.163827199728126871e+01 -1.780771997281268781e+00
1.163992284008380551e+01 -1.778922840083804857e+00
1.164157382101766558e+01 -1.777073821017665978e+00
1.164322494334479963e+01 -1.775224943344799300e+00
1.164487621040400889e+01 -1.773376210404009612e+00
1.164652762561278188e+01 -1.771527625612781875e+00
1.164817919246911515e+01 -1.769679192469114426e+00
1.164983091455341402e+01 -1.767830914553414345e+00
1.165148279553042343e+01 -1.765982795530423033e+00
1.165313483915120862e+01 -1.764134839151209277e+00
1.165478704925517128e+01 -1.762287049255171212e+00
1.165643942977213143e+01 -1.760439429772130637e+00
1.165809198472443597e+01 -1.758591984724436230e+00
1.165974471822913650e+01 -1.756744718229136026e+00
1.166139763450020261e+01 -1.754897634500203196e+00
1.166305073785079216e+01 -1.753050737850792018e+00
1.166470403269557643e+01 -1.751204032695577339e+00
1.166635752355312050e+01 -1.749357523553120686e+00
1.166801121504830618e+01 -1.747511215048305644e+00
1.166966511191482425e+01 -1.745665111914824763e+00
1.167131921899773062e+01 -1.743819218997730403e+00
1.167297354125603270e+01 -1.741973541256031766e+00
1.167462808376536643e+01 -1.740128083765366540e+00
1.167628285172072644e+01 -1.738282851720725830e+00
1.167793785043924615e+01 -1.736437850439246589e+00
1.167959308536305763e+01 -1.734593085363057341e+00
1.168124856206221374e+01 -1.732748562062214503e+00
1.168290428623766886e+01 -1.730904286237668899e+00
1.168456026372434664e+01 -1.729060263724345958e+00
1.168621650049425398e+01 -1.727216500494254348e+00
1.168787300265969442e+01 -1.725373002659694066e+00
1.168952977647652958e+01 -1.723529776476530273e+00
1.169118682834753287e+01 -1.721686828347532838e+00
1.169284416482581790e+01 -1.719844164825817145e+00
1.169450179261833256e+01 -1.718001792618332857e+00
1.169615971858945791e+01 -1.716159718589457484e+00
1.169781794976466216e+01 -1.714317949764662785e+00
1.169947649333426298e+01 -1.712476493334262884e+00
1.170113535665725557e+01 -1.710635356657254746e+00
1.170279454726524193e+01 -1.708794547265242159e+00
1.170445407286644901e+01 -1.706954072866448513e+00
1.170611394134983207e+01 -1.705113941349832629e+00
1.170777416078927757e+01 -1.703274160789277403e+00
1.170943473944790192e+01 -1.701434739447902800e+00
1.171109568578243731e+01 -1.699595685782437471e+00
1.171275700844774370e+01 -1.697757008447743132e+00
1.171441871630139531e+01 -1.695918716301395790e+00
1.171608081840838445e+01 -1.694080818408384204e+00
1.171774332404593721e+01 -1.692243324045936248e+00
1.171940624270842335e+01 -1.690406242708423434e+00
1.172106958411240640e+01 -1.688569584112405764e+00
1.172273335820176143e+01 -1.686733358201761845e+00
1.172439757515297210e+01 -1.684897575152971783e+00
1.172606224538047393e+01 -1.683062245380474664e+00
1.172772737954219657e+01 -1.681227379542196587e+00
1.172939298854515933e+01 -1.679392988545158616e+00
1.173105908355124782e+01 -1.677559083551248165e+00
1.173272567598309379e+01 -1.675725675983093410e+00
1.173439277753008980e+01 -1.673892777530090470e+00
1.173606040015454610e+01 -1.672060400154546045e+00
1.173772855609798960e+01 -1.670228556097988815e+00
1.173939725788758359e+01 -1.668397257887583862e+00
1.174106651834272341e+01 -1.666566518342722958e+00
1.174273635058175103e+01 -1.664736350581751623e+00
1.174440676802883665e+01 -1.662906768028836524e+00
1.174607778442101136e+01 -1.661077784421010506e+00
1.174774941381535243e+01 -1.659249413815352625e+00
1.174942167059634102e+01 -1.657421670596340491e+00
1.175109456948336195e+01 -1.655594569483362477e+00
1.175276812553839534e+01 -1.653768125538395140e+00
1.175444235417386629e+01 -1.651942354173867145e+00
1.175611727116066874e+01 -1.650117271160668864e+00
1.175779289263636684e+01 -1.648292892636366247e+00
1.175946923511359365e+01 -1.646469235113594110e+00
1.176114631548860778e+01 -1.644646315488607513e+00
1.176282415105006507e+01 -1.642824151050064074e+00
1.176450275948796786e+01 -1.641002759487967921e+00
1.176618215890282038e+01 -1.639182158902819708e+00
1.176786236781497941e+01 -1.637362367814979791e+00
1.176954340517421294e+01 -1.635543405174212594e+00
1.177122529036947540e+01 -1.633725290369476113e+00
1.177290804323887663e+01 -1.631908043238876616e+00
1.177459168407989232e+01 -1.630091684079891579e+00
1.177627623365978593e+01 -1.628276233659786243e+00
1.177796171322625618e+01 -1.626461713226255767e+00
1.177964814451831543e+01 -1.624648144518316073e+00
1.178133554977741504e+01 -1.622835549777414954e+00
1.178302395175879447e+01 -1.621023951758795434e+00
1.178471337374309336e+01 -1.619213373743093598e+00
1.178640383954819448e+01 -1.617403839548194000e+00
1.178809537354134562e+01 -1.615595373541346191e+00
1.178978800065151411e+01 -1.613788000651513954e+00
1.179148174638203628e+01 -1.611981746382035396e+00
1.179317663682350670e+01 -1.610176636823506868e+00
1.179487269866696764e+01 -1.608372698666967082e+00
1.179656995921736140e+01 -1.606569959217361898e+00
1.179826844640728289e+01 -1.604768446407282667e+00
1.179996818881101106e+01 -1.602968188811011885e+00
1.180166921565883875e+01 -1.601169215658838851e+00
1.180337155685172057e+01 -1.599371556851719944e+00
1.180507524297619781e+01 -1.597575242976198240e+00
1.180678030531966805e+01 -1.595780305319667747e+00
1.180848677588595308e+01 -1.593986775885952056e+00
1.181019468741119383e+01 -1.592194687411193854e+00
1.181190407338009685e+01 -1.590404073380096150e+00
1.181361496804247224e+01 -1.588614968042472597e+00
1.181532740643016766e+01 -1.586827406430167287e+00
1.181704142437430072e+01 -1.585041424374301400e+00
1.181875705852289116e+01 -1.583257058522891114e+00
1.182047434635880911e+01 -1.581474346358808347e+00
1.182219332621812136e+01 -1.579693326218121641e+00
1.182391403730880164e+01 -1.577914037308801198e+00
1.182563651972980523e+01 -1.576136519729805840e+00
1.182736081449055376e+01 -1.574360814490553651e+00
1.182908696353078781e+01 -1.572586963530788751e+00
1.183081500974082445e+01 -1.570815009740824664e+00
1.183254499698222872e+01 -1.569044996982228213e+00
1.183427697010887947e+01 -1.567276970108880008e+00
1.183601097498845611e+01 -1.565510974988455928e+00
1.183774705852435716e+01 -1.563747058524356248e+00
1.183948526867802897e+01 -1.561985268678029115e+00
1.184122565449175823e+01 -1.560225654491757652e+00
1.184296826611186582e+01 -1.558468266111866285e+00
1.184471315481239273e+01 -1.556713154812392474e+00
1.184646037301920352e+01 -1.554960373019204312e+00
1.184820997433458167e+01 -1.553209974334581744e+00
1.184996201356225498e+01 -1.551462013562254327e+00
1.185171654673293595e+01 -1.549716546732936351e+00
1.185347363113030994e+01 -1.547973631130309613e+00
1.185523332531751706e+01 -1.546233325317517782e+00
1.185699568916413860e+01 -1.544495689164138597e+00
1.185876078387365595e+01 -1.542760783873655228e+00
1.186052867201144245e+01 -1.541028672011442779e+00
1.186229941753323303e+01 -1.539299417533232628e+00
1.186407308581414100e+01 -1.537573085814141649e+00
1.186584974367816514e+01 -1.535849743678165069e+00
1.186762945942824388e+01 -1.534129459428243081e+00
1.186941230287682636e+01 -1.532412302876826615e+00
1.187119834537700491e+01 -1.530698345377004443e+00
1.187298765985413951e+01 -1.528987659854140091e+00
1.187478032083809687e+01 -1.527280320838096728e+00
1.187657640449596386e+01 -1.525576404495964766e+00
1.187837598866539146e+01 -1.523875988665391645e+00
1.188017915288842907e+01 -1.522179152888428533e+00
1.188198597844597870e+01 -1.520485978445979214e+00
1.188379654839277855e+01 -1.518796548392778334e+00
1.188561094759297276e+01 -1.517110947592971826e+00
1.188742926275624789e+01 -1.515429262756248008e+00
1.188925158247455549e+01 -1.513751582474554880e+00
1.189107799725939429e+01 -1.512077997259394735e+00
1.189290859957968927e+01 -1.510408599579688982e+00
1.189474348390024794e+01 -1.508743483900248705e+00
1.189658274672079052e+01 -1.507082746720790567e+00
1.189842648661557867e+01 -1.505426486615577986e+00
1.190027480427360729e+01 -1.503774804273607657e+00
1.190212780253941105e+01 -1.502127802539410695e+00
1.190398558645440907e+01 -1.500485586454409770e+00
1.190584826329887846e+01 -1.498848263298878436e+00
1.190771594263446431e+01 -1.497215942634463559e+00
1.190958873634729898e+01 -1.495588736347299275e+00
1.191146675869167559e+01 -1.493966758691675167e+00
1.191335012633429713e+01 -1.492350126334297755e+00
1.191523895839908320e+01 -1.490738958399083103e+00
1.191713337651255067e+01 -1.489133376512549845e+00
1.191903350484972890e+01 -1.487533504849729127e+00
1.192093947018063460e+01 -1.485939470180634103e+00
1.192285140191727777e+01 -1.484351401917278324e+00
1.192476943216119523e+01 -1.482769432161195056e+00
1.192669369575150640e+01 -1.481193695751507278e+00
1.192862433031347535e+01 -1.479624330313475511e+00
1.193056147630756847e+01 -1.478061476307567901e+00
1.193250527707899877e+01 -1.476505277078999256e+00
1.193445587890773218e+01 -1.474955878907731943e+00
1.193641343105895025e+01 -1.473413431058949286e+00
1.193837808583394633e+01 -1.471878085833946415e+00
1.194034999862145874e+01 -1.470349998621458099e+00
1.194232932794936453e+01 -1.468829327949364938e+00
1.194431623553679955e+01 -1.467316235536799240e+00
1.194631088634658767e+01 -1.465810886346588404e+00
1.194831344863804290e+01 -1.464313448638042914e+00
1.195032409402005058e+01 -1.462824094020049870e+00
1.195234299750444329e+01 -1.461342997504443630e+00
1.195437033755962197e+01 -1.459870337559621589e+00
1.195640629616440087e+01 -1.458406296164401539e+00
1.195845105886203541e+01 -1.456951058862035353e+00
1.196050481481441530e+01 -1.455504814814414516e+00
1.196256775685636597e+01 -1.454067756856366245e+00
1.196464008155003356e+01 -1.452640081550033102e+00
1.196672198923930530e+01 -1.451221989239305898e+00
1.196881368410423541e+01 -1.449813684104235278e+00
1.197091537421541751e+01 -1.448415374215416662e+00
1.197302727158825597e+01 -1.447027271588256170e+00
1.197514959223710740e+01 -1.445649592237106873e+00
1.197728255622921623e+01 -1.444282556229216752e+00
1.197942638773840152e+01 -1.442926387738401317e+00
1.198158131509842761e+01 -1.441581315098428462e+00
1.198374757085603015e+01 -1.440247570856030279e+00
1.198592539182348204e+01 -1.438925391823481448e+00
1.198811501913068689e+01 -1.437615019130687344e+00
1.199031669827670399e+01 -1.436316698276703718e+00
1.199253067918062676e+01 -1.435030679180625768e+00
1.199475721623176838e+01 -1.433757216231768439e+00
1.199699656833905159e+01 -1.432496568339050924e+00
1.199924899897953168e+01 -1.431248998979532061e+00
1.200151477624598328e+01 -1.430014776245982944e+00
1.200379417289342321e+01 -1.428794172893423919e+00
1.200608746638453717e+01 -1.427587466384537151e+00
1.200839493893385956e+01 -1.426394938933858825e+00
1.201071687755064410e+01 -1.425216877550644412e+00
1.201305357408033636e+01 -1.424053574080335949e+00
1.201540532524447791e+01 -1.422905325244478547e+00
1.201777243267902584e+01 -1.421772432679025755e+00
1.202015520297089601e+01 -1.420655202970895203e+00
1.202255394769267660e+01 -1.419553947692676843e+00
1.202496898343533616e+01 -1.418468983435335673e+00
1.202740063183886221e+01 -1.417400631838862779e+00
1.202984921962064924e+01 -1.416349219620649080e+00
1.203231507860154537e+01 -1.415315078601544485e+00
1.203479854572940866e+01 -1.414298545729408829e+00
1.203729996310002726e+01 -1.413299963100026702e+00
1.203981967797528263e+01 -1.412319677975283128e+00
1.204235804279838717e+01 -1.411358042798386947e+00
1.204491541520607001e+01 -1.410415415206070833e+00
1.204749215803753870e+01 -1.409492158037538800e+00
1.205008863934006946e+01 -1.408588639340068838e+00
1.205270523237106595e+01 -1.407705232371066373e+00
1.205534231559643921e+01 -1.406842315596438908e+00
1.205800027268509211e+01 -1.406000272685091090e+00
1.206067949249939808e+01 -1.405179492499398108e+00
1.206338036908147338e+01 -1.404380369081472679e+00
1.206610330163505118e+01 -1.403603301635051537e+00
1.206884869450280995e+01 -1.402848694502809579e+00
1.207161695713894822e+01 -1.402116957138948905e+00
1.207440850407684430e+01 -1.401408504076844252e+00
1.207722375489158217e+01 -1.400723754891581407e+00
1.208006313415719113e+01 -1.400063134157191413e+00
1.208292707139837674e+01 -1.399427071398376299e+00
1.208581600103656939e+01 -1.398816001036570000e+00
1.208873036233009124e+01 -1.398230362330091126e+00
1.209167059930822674e+01 -1.397670599308227679e+00
1.209463716069904926e+01 -1.397137160699049474e+00
1.209763049985074268e+01 -1.396630499850742169e+00
1.210065107464625811e+01 -1.396151074646258650e+00
1.210369934741113873e+01 -1.395699347411138547e+00
1.210677578481422145e+01 -1.395275784814220543e+00
1.210988085776112477e+01 -1.394880857761124915e+00
1.211301504128026885e+01 -1.394515041280268264e+00
1.211617881440124123e+01 -1.394178814401241695e+00
1.211937266002533775e+01 -1.393872660025337495e+00
1.212259706478807963e+01 -1.393597064788080431e+00
1.212585251891351668e+01 -1.393352518913516747e+00
1.212913951606016028e+01 -1.393139516060159622e+00
1.213245855315833843e+01 -1.392958553158338830e+00
1.213581013023884481e+01 -1.392810130238844479e+00
1.213919475025266870e+01 -1.392694750252669422e+00
1.214261291888171357e+01 -1.392612918881713568e+00
1.214606514434027495e+01 -1.392565144340274230e+00
1.214955193716721382e+01 -1.392551937167214149e+00
1.215307381000865306e+01 -1.392573810008652657e+00
1.215663127739105143e+01 -1.392631277391052080e+00
1.216022485548462839e+01 -1.392724855484628321e+00
1.216385506185691057e+01 -1.392855061856909771e+00
1.216752241521644073e+01 -1.393022415216440990e+00
1.217122743514648597e+01 -1.393227435146485504e+00
1.217497064182870581e+01 -1.393470641828706391e+00
1.217875255575675020e+01 -1.393752555756750056e+00
1.218257369743972340e+01 -1.394073697439724313e+00
1.218643458709552796e+01 -1.394434587095528144e+00
1.219033574433406208e+01 -1.394835744334061545e+00
1.219427768783029897e+01 -1.395277687830299485e+00
1.219826093498730657e+01 -1.395760934987306356e+00
1.220228600158921495e+01 -1.396286001589214010e+00
1.220635340144426451e+01 -1.396853401444264620e+00
1.221046364601799716e+01 -1.397463646017996552e+00
1.221461724405671667e+01 -1.398117244056717112e+00
1.221881470120138857e+01 -1.398814701201388289e+00
1.222305651959210593e+01 -1.399556519592106696e+00
1.222734319746336773e+01 -1.400343197463367773e+00
1.223167522873032276e+01 -1.401175228730322075e+00
1.223605310256628975e+01 -1.402053102566290121e+00
1.224047730297178838e+01 -1.402977302971788021e+00
1.224494830833537939e+01 -1.403948308335380091e+00
1.224946659098666757e+01 -1.404966590986667541e+00
1.225403261674179589e+01 -1.406032616741795138e+00
1.225864684444183084e+01 -1.407146844441831135e+00
1.226330972548445963e+01 -1.408309725484459207e+00
1.226802170334942410e+01 -1.409521703349424726e+00
1.227278321311818310e+01 -1.410783213118182999e+00
1.227759468098830276e+01 -1.412094680988301931e+00
1.228245652378311092e+01 -1.413456523783111152e+00
1.228736914845718253e+01 -1.414869148457182035e+00
1.229233295159823491e+01 -1.416332951598235468e+00
1.229734831892609570e+01 -1.417848318926095530e+00
1.230241562478935080e+01 -1.419415624789351682e+00
1.230753523166039898e+01 -1.421035231660399134e+00
1.231270748962959161e+01 -1.422707489629591038e+00
1.231793273589922499e+01 -1.424432735899225477e+00
1.232321129427814199e+01 -1.426211294278141750e+00
1.232854347467771738e+01 -1.428043474677716418e+00
1.233392957261008327e+01 -1.429929572610083355e+00
1.233936986868941155e+01 -1.431869868689410907e+00
1.234486462813710794e+01 -1.433864628137108355e+00
1.235041410029185727e+01 -1.435914100291856954e+00
1.235601851812533702e+01 -1.438018518125337764e+00
1.236167809776462612e+01 -1.440178097764626131e+00
1.236739303802215595e+01 -1.442393038022155238e+00
1.237316351993422181e+01 -1.444663519934222151e+00
1.237898970630899242e+01 -1.446989706308992041e+00
1.238487174128498225e+01 -1.449371741284982917e+00
1.239080974990100970e+01 -1.451809749901009639e+00
1.239680383767858451e+01 -1.454303837678583733e+00
1.240285409021772445e+01 -1.456854090217724718e+00
1.240896057280725273e+01 -1.459460572807252277e+00
1.241512333005042379e+01 -1.462123330050424386e+00
1.242134238550703706e+01 -1.464842385507036937e+00
1.242761774135284192e+01 -1.467617741352841065e+00
1.243394937805732070e+01 -1.470449378057320899e+00
1.244033725408073110e+01 -1.473337254080730574e+00
1.244678130559133500e+01 -1.476281305591335524e+00
1.245328144620375710e+01 -1.479281446203756900e+00
1.245983756673930642e+01 -1.482337566739307277e+00
1.246644953500918085e+01 -1.485449535009180977e+00
1.247311719562128651e+01 -1.488617195621285916e+00
1.247984036981155853e+01 -1.491840369811558986e+00
1.248661885530048110e+01 -1.495118855300480831e+00
1.249345242617550689e+01 -1.498452426175505892e+00
1.250034083280009511e+01 -1.501840832800095171e+00
1.250728380174998122e+01 -1.505283801749980555e+00
1.251428103577717188e+01 -1.508781035777172264e+00
1.252133221380235639e+01 -1.512332213802356051e+00
1.252843699093599561e+01 -1.515936990935996320e+00
1.253559499852870829e+01 -1.519594998528708274e+00
1.254280584425111833e+01 -1.523305844251117591e+00
1.255006911220361765e+01 -1.527069112203617962e+00
1.255738436305616723e+01 -1.530884363056166819e+00
1.256475113421832468e+01 -1.534751134218323543e+00
1.257216894003963148e+01 -1.538668940039631394e+00
1.257963727204035642e+01 -1.542637272040357388e+00
1.258715559917254012e+01 -1.546655599172540363e+00
1.259472336811128024e+01 -1.550723368111279754e+00
1.260234000357602291e+01 -1.554840003576023477e+00
1.261000490868166501e+01 -1.559004908681664858e+00
1.261771746531907468e+01 -1.563217465319073796e+00
1.262547703456468895e+01 -1.567477034564689120e+00
1.263328295711872862e+01 -1.571782957118728064e+00
1.264113455377141193e+01 -1.576134553771412428e+00
1.264903112589669476e+01 -1.580531125896694533e+00
1.265697195597270586e+01 -1.584971955972706681e+00
1.266495630812830520e+01 -1.589456308128305295e+00
1.267298342871478489e+01 -1.593983428714784267e+00
1.268105254690199502e+01 -1.598552546901995441e+00
1.268916287529787290e+01 -1.603162875297872603e+00
1.269731361059040076e+01 -1.607813610590399733e+00
1.270550393421097368e+01 -1.612503934210973711e+00
1.271373301301806258e+01 -1.617233013018061882e+00
1.272199999999999953e+01 -1.621999999999999886e+00
1.273030403499575591e+01 -1.626804034995755543e+00
1.273864424543237917e+01 -1.631644245432379847e+00
1.274701974707791585e+01 -1.636519747077915810e+00
1.275542964480841412e+01 -1.641429644808413357e+00
1.276387303338771417e+01 -1.646373033387714457e+00
1.277234899825867309e+01 -1.651348998258672651e+00
1.278085661634430181e+01 -1.656356616344302424e+00
1.278939495685761862e+01 -1.661394956857618510e+00
1.279796308211852107e+01 -1.666463082118522010e+00
1.280656004837648965e+01 -1.671560048376489860e+00
1.281518490663745524e+01 -1.676684906637454731e+00
1.282383670349355498e+01 -1.681836703493555518e+00
1.283251448195421140e+01 -1.687014481954211220e+00
1.284121728227712822e+01 -1.692217282277127310e+00
1.284994414279778852e+01 -1.697444142797788658e+00
1.285869410075603803e+01 -1.702694100756037443e+00
1.286746619311828788e+01 -1.707966193118288345e+00
1.287625945739407918e+01 -1.713259457394078922e+00
1.288507293244553864e+01 -1.718572932445539436e+00
1.289390565928850663e+01 -1.723905659288506698e+00
1.290275668188396807e+01 -1.729256681883967417e+00
1.291162504791861210e+01 -1.734625047918612495e+00
1.292050980957326445e+01 -1.740009809573264121e+00
1.292941002427803276e+01 -1.745410024278031713e+00
1.293832475545306693e+01 -1.750824755453066928e+00
1.294725307323385977e+01 -1.756253073233860817e+00
1.295619405518005074e+01 -1.761694055180051066e+00
1.296514678696675027e+01 -1.767146786966749872e+00
1.297411036305754806e+01 -1.772610363057548710e+00
1.298308388735827812e+01 -1.778083887358278048e+00
1.299206647385074120e+01 -1.783566473850740408e+00
1.300105724720569000e+01 -1.789057247205690260e+00
1.301005534337439506e+01 -1.794555343374394596e+00
1.301905991015809150e+01 -1.800059910158092080e+00
1.302807010775487662e+01 -1.805570107754876474e+00
1.303708510928344211e+01 -1.811085109283443018e+00
1.304610410128329256e+01 -1.816604101283292749e+00
1.305512628419101162e+01 -1.822126284191011081e+00
1.306415087279229148e+01 -1.827650872792291992e+00
1.307317709664950556e+01 -1.833177096649505344e+00
1.308220420050451871e+01 -1.838704200504517772e+00
1.309123144465672972e+01 -1.844231444656729835e+00
1.310025810531619328e+01 -1.849758105316192669e+00
1.310928347493176460e+01 -1.855283474931765042e+00
1.311830686249440880e+01 -1.860806862494408520e+00
1.312732759381560399e+01 -1.866327593815604757e+00
1.313634501178112757e+01 -1.871845011781127610e+00
1.314535847658026668e+01 -1.877358476580266000e+00
1.315436736591078137e+01 -1.882867365910781743e+00
1.316337107515985139e+01 -1.888371075159851031e+00
1.317236901756129797e+01 -1.893869017561296886e+00
1.318136062432948563e+01 -1.899360624329485603e+00
1.319034534477028942e+01 -1.904845344770290438e+00
1.319932264636950237e+01 -1.910322646369502664e+00
1.320829201485920912e+01 -1.915792014859208692e+00
1.321725295426260338e+01 -1.921252954262604007e+00
1.322620498691776447e+01 -1.926704986917764373e+00
1.323514765348092759e+01 -1.932147653480926763e+00
1.324408051290984289e+01 -1.937580512909843122e+00
1.325300314242786648e+01 -1.943003142427865981e+00
1.326191513746922901e+01 -1.948415137469229563e+00
1.327081611160638097e+01 -1.953816111606380801e+00
1.327970569645976262e+01 -1.959205696459763502e+00
1.328858354159093125e+01 -1.964583541590931404e+00
1.329744931437949695e+01 -1.969949314379496386e+00
1.330630269988469472e+01 -1.975302699884695201e+00
1.331514340069220559e+01 -1.980643400692205347e+00
1.332397113674691091e+01 -1.985971136746909949e+00
1.333278564517231501e+01 -1.991285645172315100e+00
1.334158668007730597e+01 -1.996586680077305331e+00
1.335037401235090648e+01 -2.001874012350906895e+00
1.335914742944578748e+01 -2.007147429445787168e+00
1.336790673515113603e+01 -2.012406735151136772e+00
1.337665174935563961e+01 -2.017651749355639623e+00
1.338538230780117111e+01 -2.022882307801170398e+00
1.339409826182790830e+01 -2.028098261827908644e+00
1.340279947811154138e+01 -2.033299478111540992e+00
1.341148583839310326e+01 -2.038485838393102156e+00
1.342015723920220616e+01 -2.043657239202206100e+00
1.342881359157420285e+01 -2.048813591574203841e+00
1.343745482076189290e+01 -2.053954820761893174e+00
1.344608086594234386e+01 -2.059080865942343408e+00
1.345469167991948645e+01 -2.064191679919487044e+00
1.346328722882293683e+01 -2.069287228822936697e+00
1.347186749180362852e+01 -2.074367491803627672e+00
1.348043246072679580e+01 -2.079432460726795995e+00
1.348898213986281291e+01 -2.084482139862812389e+00
1.349751654557631575e+01 -2.089516545576316275e+00
1.350603570601419356e+01 -2.094535706014193366e+00
1.351453966079277258e+01 -2.099539660792773432e+00
1.352302846068475262e+01 -2.104528460684752744e+00
1.353150216730620237e+01 -2.109502167306201770e+00
1.353996085280408046e+01 -2.114460852804080915e+00
1.354840459954468912e+01 -2.119404599544688850e+00
1.355683349980328245e+01 -2.124333499803281455e+00
1.356524765545536582e+01 -2.129247655455365873e+00
1.357364717766986395e+01 -2.134147177669863282e+00
1.358203218660452727e+01 -2.139032186604527652e+00
1.359040281110387127e+01 -2.143902811103870931e+00
1.359875918839988529e+01 -2.148759188399886000e+00
1.360710146381582852e+01 -2.153601463815828509e+00
1.361542979047327862e+01 -2.158429790473277876e+00
1.362374432900271515e+01 -2.163244329002715460e+00
1.363204524725783884e+01 -2.168045247257838426e+00
1.364033272003376851e+01 -2.172832720033767373e+00
1.364860692878935744e+01 -2.177606928789357355e+00
1.365686806137378184e+01 -2.182368061373782808e+00
1.366511631175749031e+01 -2.187116311757490550e+00
1.367335187976771138e+01 -2.191851879767710898e+00
1.368157497082862228e+01 -2.196574970828622853e+00
1.368978579570632093e+01 -2.201285795706320769e+00
1.369798457025857097e+01 -2.205984570258570088e+00
1.370617151518959709e+01 -2.210671515189597258e+00
1.371434685580984691e+01 -2.215346855809846360e+00
1.372251082180082982e+01 -2.220010821800830314e+00
1.373066364698513198e+01 -2.224663646985131749e+00
1.373880556910155981e+01 -2.229305569101560636e+00
1.374693682958552898e+01 -2.233936829585529082e+00
1.375505767335465102e+01 -2.238557673354650390e+00
1.376316834859958682e+01 -2.243168348599587247e+00
1.377126910658014758e+01 -2.247769106580147280e+00
1.377936020142661278e+01 -2.252360201426611752e+00
1.378744188994632047e+01 -2.256941889946320501e+00
1.379551443143547118e+01 -2.261514431435470485e+00
1.380357808749609561e+01 -2.266078087496095961e+00
1.381163312185824132e+01 -2.270633121858240955e+00
1.381967980020723630e+01 -2.275179800207236980e+00
1.382771839001610559e+01 -2.279718390016105545e+00
1.383574916038296365e+01 -2.284249160382962884e+00
1.384377238187346038e+01 -2.288772381873460660e+00
1.385178832636815471e+01 -2.293288326368154273e+00
1.385979726691473424e+01 -2.297797266914734848e+00
1.386779947758511966e+01 -2.302299477585119547e+00
1.387579523333725362e+01 -2.306795233337254558e+00
1.388378480988165009e+01 -2.311284809881650304e+00
1.389176848355248417e+01 -2.315768483552483659e+00
1.389974653118327730e+01 -2.320246531183277838e+00
1.390771922998703936e+01 -2.324719229987039171e+00
1.391568685744076816e+01 -2.329186857440767255e+00
1.392364969117428686e+01 -2.333649691174287000e+00
1.393160800886331252e+01 -2.338108008863311937e+00
1.393956208812662112e+01 -2.342562088126621589e+00
1.394751220642734424e+01 -2.347012206427343983e+00
1.395545864097816313e+01 -2.351458640978163928e+00
1.396340166865047294e+01 -2.355901668650473013e+00
1.397134156588726484e+01 -2.360341565887264181e+00
1.397927860861981131e+01 -2.364778608619811706e+00
1.398721307218792731e+01 -2.369213072187926983e+00
1.399514523126378762e+01 -2.373645231263786570e+00
1.400307535977920992e+01 -2.378075359779209919e+00
1.401100373085632533e+01 -2.382503730856326385e+00
1.401893061674149799e+01 -2.386930616741498312e+00
1.402685628874247215e+01 -2.391356288742471747e+00
1.403478101716862625e+01 -2.395781017168626903e+00
1.404270507127428402e+01 -2.400205071274283952e+00
1.405062871920491929e+01 -2.404628719204918497e+00
1.405855222794628112e+01 -2.409052227946281377e+00
1.406647586327627941e+01 -2.413475863276278943e+00
1.407439988971956168e+01 -2.417899889719562267e+00
1.408232457050474373e+01 -2.422324570504743591e+00
1.409025016752414139e+01 -2.426750167524142299e+00
1.409817694129601939e+01 -2.431176941296019578e+00
1.410610515092918327e+01 -2.435605150929182727e+00
1.411403505408990000e+01 -2.440035054089900513e+00
1.412196690697109958e+01 -2.444466906971099363e+00
1.412990096426365838e+01 -2.448900964263657443e+00
1.413783747912985689e+01 -2.453337479129857002e+00
1.414577670317883751e+01 -2.457776703178836897e+00
1.415371888644399334e+01 -2.462218886443993782e+00
1.416166427736228606e+01 -2.466664277362285773e+00
1.416961312275535434e+01 -2.471113122755355107e+00
1.417756566781241112e+01 -2.475565667812411164e+00
1.418552215607480349e+01 -2.480022156074802808e+00
1.419348282942222639e+01 -2.484482829422226757e+00
1.420144792806052081e+01 -2.488947928060520454e+00
1.420941769051094816e+01 -2.493417690510947082e+00
1.421739235360094433e+01 -2.497892353600944304e+00
1.422537215245629838e+01 -2.502372152456299403e+00
1.423335732049462443e+01 -2.506857320494624730e+00
1.424134808942016051e+01 -2.511348089420160079e+00
1.424934468921978770e+01 -2.515844689219788322e+00
1.425734734816028393e+01 -2.520347348160283829e+00
1.426535629278663819e+01 -2.524856292786637368e+00
1.427337174792152830e+01 -2.529371747921528524e+00
1.428139393666582180e+01 -2.533893936665821300e+00
1.428942308040004860e+01 -2.538423080400049159e+00
1.429745939878688610e+01 -2.542959398786885927e+00
1.430550310977449335e+01 -2.547503109774494234e+00
1.431355442960077440e+01 -2.552054429600774554e+00
1.432161357279843195e+01 -2.556613572798431377e+00
1.432968075220083470e+01 -2.561180752200835187e+00
1.433775617894864496e+01 -2.565756178948644717e+00
1.434584006249713539e+01 -2.570340062497134426e+00
1.435393261062421111e+01 -2.574932610624211193e+00
1.436203402943909957e+01 -2.579534029439098930e+00
1.437014452339158588e+01 -2.584144523391586290e+00
1.437826429528193017e+01 -2.588764295281929861e+00
1.438639354627122913e+01 -2.593393546271229866e+00
1.439453247589239737e+01 -2.598032475892397386e+00
1.440268128206156462e+01 -2.602681282061563905e+00
1.441084016108998256e+01 -2.607340161089982900e+00
1.441900930769635991e+01 -2.612009307696359528e+00
1.442718891501959178e+01 -2.616688915019590667e+00
1.443537917463188691e+01 -2.621379174631886855e+00
1.444358027655226628e+01 -2.626080276552267279e+00
1.445179240926038666e+01 -2.630792409260386933e+00
1.446001575971066799e+01 -2.635515759710667538e+00
1.446825051334673695e+01 -2.640250513346737549e+00
1.447649685411614762e+01 -2.644996854116147489e+00
1.448475496448531530e+01 -2.649754964485314446e+00
1.449302502545471150e+01 -2.654525025454711695e+00
1.450130721657430577e+01 -2.659307216574305244e+00
1.450960171595910531e+01 -2.664101715959105832e+00
1.451790870030500535e+01 -2.668908700305005155e+00
1.452622834490466275e+01 -2.673728344904663601e+00
1.453456082366365365e+01 -2.678560823663653778e+00
1.454290630911662952e+01 -2.683406309116628918e+00
1.455126497244370043e+01 -2.688264972443700884e+00
1.455963698348686108e+01 -2.693136983486860814e+00
1.456802251076651089e+01 -2.698022510766509896e+00
1.457642172149806115e+01 -2.702921721498061203e+00
1.458483478160861679e+01 -2.707834781608616126e+00
1.459326185575367774e+01 -2.712761855753678120e+00
1.460170310733391830e+01 -2.717703107333917956e+00
1.461015869851195603e+01 -2.722658698511956743e+00
1.461862879022919337e+01 -2.727628790229193356e+00
1.462711354222260596e+01 -2.732613542222605219e+00
1.463561311304158252e+01 -2.737613113041582835e+00
1.464412766006474520e+01 -2.742627660064744788e+00
1.465265733951671656e+01 -2.747657339516715425e+00
1.466120230648492040e+01 -2.752702306484920314e+00
1.466976271493630790e+01 -2.757762714936308868e+00
1.467833871773406607e+01 -2.762838717734066307e+00
1.468693046665424795e+01 -2.767930466654247468e+00
1.469553811240238694e+01 -2.773038112402387512e+00
1.470416180463004530e+01 -2.778161804630045140e+00
1.471280169195126319e+01 -2.783301691951262313e+00
1.472145792195897762e+01 -2.788457921958977792e+00
1.473013064124135241e+01 -2.793630641241351853e+00
1.473881999539799814e+01 -2.798819995397998639e+00
1.474752612905616722e+01 -2.804026129056166994e+00
1.475624918588678369e+01 -2.809249185886784517e+00
1.476498930862045000e+01 -2.814489308620450103e+00
1.477374663906329921e+01 -2.819746639063298588e+00
1.478252131811277081e+01 -2.825021318112771240e+00
1.479131348577329419e+01 -2.830313485773293891e+00
1.480012328117182818e+01 -2.835623281171827159e+00
1.480895084257330652e+01 -2.840950842573306545e+00
1.481779630739599618e+01 -2.846296307395995484e+00
1.482665981222667639e+01 -2.851659812226676749e+00
1.483554149283576784e+01 -2.857041492835767471e+00
1.484444148419227361e+01 -2.862441484192274288e+00
1.485335992047866327e+01 -2.867859920478663227e+00
1.486229693510556871e+01 -2.873296935105567940e+00
1.487125266072639107e+01 -2.878752660726391355e+00
1.488022722925179053e+01 -2.884227229251790092e+00
1.488922077186398596e+01 -2.889720771863984794e+00
1.489823341903099063e+01 -2.895233419030990518e+00
1.490726530052068632e+01 -2.900765300520687262e+00
1.491631654541475527e+01 -2.906316545414755481e+00
1.492538728212249310e+01 -2.911887282122492593e+00
1.493447763839446907e+01 -2.917477638394469608e+00
1.494358774133609202e+01 -2.923087741336091838e+00
1.495271771742098821e+01 -2.928717717420987299e+00
1.496186769250425996e+01 -2.934367692504260106e+00
1.497103779183565386e+01 -2.940037791835653280e+00
1.498022814007249259e+01 -2.945728140072493062e+00
1.498943886129259440e+01 -2.951438861292594140e+00
1.499867007900693494e+01 -2.957170079006935737e+00
1.500792191617226479e+01 -2.962921916172264858e+00
1.501719449520353855e+01 -2.968694495203537898e+00
1.502648793798621440e+01 -2.974487937986214803e+00
1.503580236588845764e+01 -2.980302365888457317e+00
1.504513789977313287e+01 -2.986137899773131821e+00
1.505449466000973047e+01 -2.991994660009730467e+00
1.506387276648614026e+01 -2.997872766486139540e+00
1.507327233862024585e+01 -3.003772338620246174e+00
1.508269349537146553e+01 -3.009693495371465133e+00
1.509213635525207486e+01 -3.015636355252075518e+00
1.510160103633847051e+01 -3.021601036338470436e+00
1.511108765628225115e+01 -3.027587656282250350e+00
1.512059633232117228e+01 -3.033596332321172540e+00
1.513012718129003353e+01 -3.039627181290033064e+00
1.513968031963132077e+01 -3.045680319631321353e+00
1.514925586340584651e+01 -3.051755863405846370e+00
1.515885392830315048e+01 -3.057853928303151392e+00
1.516847462965186821e+01 -3.063974629651868398e+00
1.517811808242989891e+01 -3.070118082429898365e+00
1.518778440127449159e+01 -3.076284401274492097e+00
1.519747370049221047e+01 -3.082473700492210256e+00
1.520718609406873689e+01 -3.088686094068735954e+00
1.521692169567858954e+01 -3.094921695678589657e+00
1.522668061869472567e+01 -3.101180618694725055e+00
1.523646297619796997e+01 -3.107462976197970406e+00
1.524626888098641331e+01 -3.113768880986413023e+00
1.525609844558459471e+01 -3.120098445584595481e+00
1.526595178225265315e+01 -3.126451782252653189e+00
1.527582900299531410e+01 -3.132829002995313417e+00
1.528573021957076072e+01 -3.139230219570761093e+00
1.529565554349945700e+01 -3.145655543499456641e+00
1.530560508607275239e+01 -3.152105086072751305e+00
1.531557895836146344e+01 -3.158578958361463407e+00
1.532557727122433278e+01 -3.165077271224333799e+00
1.533560013531634603e+01 -3.171600135316346325e+00
1.534564766109694922e+01 -3.178147661096948795e+00
1.535571995883820051e+01 -3.184719958838201137e+00
1.536581713863278509e+01 -3.191317138632784989e+00
1.537593931040191642e+01 -3.197939310401915591e+00
1.538608658390316819e+01 -3.204586583903168417e+00
1.539625906873819261e+01 -3.211259068738192113e+00
1.540645687436031785e+01 -3.217956874360318409e+00
1.541668011008209049e+01 -3.224680110082090323e+00
1.542692888508267579e+01 -3.231428885082676672e+00
1.543720330841520294e+01 -3.238203308415203097e+00
1.544750348901398596e+01 -3.245003489013985387e+00
1.545782953570164686e+01 -3.251829535701647345e+00
1.546818155719621579e+01 -3.258681557196215550e+00
1.547855966211801970e+01 -3.265559662118018736e+00
1.548896395899658884e+01 -3.272463958996588929e+00
1.549939455627743889e+01 -3.279394556277438255e+00
1.550985156232873408e+01 -3.286351562328734488e+00
1.552033508544791829e+01 -3.293335085447917976e+00
1.553084523386821303e+01 -3.300345233868213768e+00
1.554138211576508155e+01 -3.307382115765081565e+00
1.555194583926255447e+01 -3.314445839262553761e+00
1.556253651243950742e+01 -3.321536512439507760e+00
1.557315424333588183e+01 -3.328654243335881446e+00
1.558379913995875654e+01 -3.335799139958755433e+00
1.559447131028840161e+01 -3.342971310288401554e+00
1.560517086228424688e+01 -3.350170862284247875e+00
1.561589790389075461e+01 -3.357397903890754876e+00
1.562665254304322104e+01 -3.364652543043220589e+00
1.563743488767349632e+01 -3.371934887673496917e+00
1.564824504571570429e+01 -3.379245045715704165e+00
1.565908312511176348e+01 -3.386583125111762627e+00
1.566994923381692928e+01 -3.393949233816929478e+00
1.568084347980527937e+01 -3.401343479805278847e+00
1.569176597107503213e+01 -3.408765971075032652e+00
1.570271681565392186e+01 -3.416216815653921657e+00
1.571369612160439289e+01 -3.423696121604393738e+00
1.572470399702882915e+01 -3.431203997028829278e+00
1.573574055007463457e+01 -3.438740550074633973e+00
1.574680588893930278e+01 -3.446305888939303230e+00
1.575790012187542644e+01 -3.453900121875426166e+00
1.576902335719558934e+01 -3.461523357195588346e+00
1.578017570327726560e+01 -3.469175703277265654e+00
1.579135726856763355e+01 -3.476857268567632886e+00
1.580256816158829736e+01 -3.484568161588297741e+00
1.581380849094002272e+01 -3.492308490940022381e+00
1.582507836530732348e+01 -3.500078365307324191e+00
1.583637789346310498e+01 -3.507877893463104968e+00
1.584770718427313341e+01 -3.515707184273132668e+00
1.585906634670053350e+01 -3.523566346700533813e+00
1.587045548981022591e+01 -3.531455489810225501e+00
1.588187472277325085e+01 -3.539374722773249715e+00
1.589332415487112016e+01 -3.547324154871120072e+00
1.590480389550005924e+01 -3.555303895500060207e+00
1.591631405417524903e+01 -3.563314054175249268e+00
1.592785474053495065e+01 -3.571354740534950167e+00
1.593942606434464793e+01 -3.579426064344648495e+00
1.595102813550112941e+01 -3.587528135501129256e+00
1.596266106403647811e+01 -3.595661064036477228e+00
1.597432496012206826e+01 -3.603824960122068433e+00
1.598601993407250887e+01 -3.612019934072508320e+00
1.599774609634948774e+01 -3.620246096349488241e+00
1.600950355756567589e+01 -3.628503557565675663e+00
1.602129242848847213e+01 -3.636792428488472950e+00
1.603311282004379734e+01 -3.645112820043797441e+00
1.604496484331979644e+01 -3.653464843319795818e+00
1.605684860957050475e+01 -3.661848609570505175e+00
1.606876423021952505e+01 -3.670264230219524748e+00
1.608071181686356255e+01 -3.678711816863561523e+00
1.609269148127603088e+01 -3.687191481276030913e+00
1.610470333541056576e+01 -3.695703335410565060e+00
1.611674749140447460e+01 -3.704247491404474957e+00
1.612882406158223603e+01 -3.712824061582235657e+00
1.614093315845884291e+01 -3.721433158458843593e+00
1.615307489474324498e+01 -3.730074894743244940e+00
1.616524938334163153e+01 -3.738749383341630761e+00
1.617745673736076739e+01 -3.747456737360767676e+00
1.618969707011126147e+01 -3.756197070111261027e+00
1.620197049511079612e+01 -3.764970495110794957e+00
1.621427712608731753e+01 -3.773777126087317413e+00
1.622661707698225442e+01 -3.782617076982255355e+00
1.623899046195363027e+01 -3.791490461953630486e+00
1.625139739537916483e+01 -3.800397395379164323e+00
1.626383799185936851e+01 -3.809337991859369055e+00
1.627631236622061550e+01 -3.818312366220615317e+00
1.628882063351812093e+01 -3.827320633518120019e+00
1.630136290903896423e+01 -3.836362909038964375e+00
1.631393930830507344e+01 -3.845439308305072856e+00
1.632654994707610641e+01 -3.854549947076106875e+00
1.633919494135242445e+01 -3.863694941352424195e+00
1.635187440737792741e+01 -3.872874407377928208e+00
1.636458846164295977e+01 -3.882088461642959842e+00
1.637733722088709243e+01 -3.891337220887091775e+00
1.639012080210196132e+01 -3.900620802101961715e+00
1.640293932253406695e+01 -3.909939322534066619e+00
1.641579289968749933e+01 -3.919292899687498277e+00
1.642868165132667357e+01 -3.928681651326673574e+00
