1.123900103513176774e+01 -2.239001035131767736e+00
1.124064605918190551e+01 -2.237146059181904789e+00
1.124229108379081588e+01 -2.235291083790816202e+00
1.124393610897148399e+01 -2.233436108971483591e+00
1.124558113473719168e+01 -2.231581134737192329e+00
1.124722616110153162e+01 -2.229726161101531545e+00
1.124887118807841446e+01 -2.227871188078413667e+00
1.125051621568206706e+01 -2.226016215682067312e+00
1.125216124392705552e+01 -2.224161243927055054e+00
1.125380627282827817e+01 -2.222306272828278750e+00
1.125545130240098146e+01 -2.220451302400981319e+00
1.125709633266076715e+01 -2.218596332660766279e+00
1.125874136362359756e+01 -2.216741363623597749e+00
1.126038639530580809e+01 -2.214886395305807554e+00
1.126203142772410892e+01 -2.213031427724109435e+00
1.126367646089560637e+01 -2.211176460895606155e+00
1.126532149483779577e+01 -2.209321494837796607e+00
1.126696652956858458e+01 -2.207466529568584690e+00
1.126861156510629414e+01 -2.205611565106293526e+00
1.127025660146967212e+01 -2.203756601469672560e+00
1.127190163867790140e+01 -2.201901638677901119e+00
1.127354667675061073e+01 -2.200046676750611496e+00
1.127519171570788359e+01 -2.198191715707883631e+00
1.127683675557027243e+01 -2.196336755570271748e+00
1.127848179635880399e+01 -2.194481796358804360e+00
1.128012683809499705e+01 -2.192626838094996700e+00
1.128177188080086779e+01 -2.190771880800868487e+00
1.128341692449894396e+01 -2.188916924498943928e+00
1.128506196921228089e+01 -2.187061969212280133e+00
1.128670701496446149e+01 -2.185207014964461791e+00
1.128835206177962469e+01 -2.183352061779624265e+00
1.128999710968246539e+01 -2.181497109682466018e+00
1.129164215869825405e+01 -2.179642158698253951e+00
1.129328720885284554e+01 -2.177787208852844714e+00
1.129493226017270047e+01 -2.175932260172700694e+00
1.129657731268488874e+01 -2.174077312684888241e+00
1.129822236641711264e+01 -2.172222366417113193e+00
1.129986742139771749e+01 -2.170367421397717322e+00
1.130151247765570588e+01 -2.168512477655706761e+00
1.130315753522075539e+01 -2.166657535220755548e+00
1.130480259412323463e+01 -2.164802594123234059e+00
1.130644765439420851e+01 -2.162947654394208996e+00
1.130809271606548094e+01 -2.161092716065480701e+00
1.130973777916957523e+01 -2.159237779169576044e+00
1.131138284373978564e+01 -2.157382843739785727e+00
1.131302790981017203e+01 -2.155527909810171394e+00
1.131467297741558475e+01 -2.153672977415585166e+00
1.131631804659168949e+01 -2.151818046591689182e+00
1.131796311737497618e+01 -2.149963117374976918e+00
1.131960818980278383e+01 -2.148108189802783841e+00
1.132125326391332010e+01 -2.146253263913319387e+00
1.132289833974567550e+01 -2.144398339745675841e+00
1.132454341733985359e+01 -2.142543417339853207e+00
1.132618849673678518e+01 -2.140688496736785851e+00
1.132783357797835322e+01 -2.138833577978353162e+00
1.132947866110741408e+01 -2.136978661107413302e+00
1.133112374616781359e+01 -2.135123746167813863e+00
1.133276883320442607e+01 -2.133268833204425619e+00
1.133441392226315791e+01 -2.131413922263158511e+00
1.133605901339099375e+01 -2.129559013390993627e+00
1.133770410663599826e+01 -2.127704106635997405e+00
1.133934920204735874e+01 -2.125849202047358943e+00
1.134099429967540296e+01 -2.123994299675402431e+00
1.134263939957163103e+01 -2.122139399571631557e+00
1.134428450178873504e+01 -2.120284501788734843e+00
1.134592960638063452e+01 -2.118429606380635377e+00
1.134757471340249957e+01 -2.116574713402499697e+00
1.134921982291078280e+01 -2.114719822910782199e+00
1.135086493496324778e+01 -2.112864934963248231e+00
1.135251004961899923e+01 -2.111010049618998963e+00
1.135415516693851856e+01 -2.109155166938519343e+00
1.135580028698368693e+01 -2.107300286983686988e+00
1.135744540981782791e+01 -2.105445409817827240e+00
1.135909053550572700e+01 -2.103590535505727388e+00
1.136073566411368851e+01 -2.101735664113688173e+00
1.136238079570954440e+01 -2.099880795709545112e+00
1.136402593036271291e+01 -2.098025930362712899e+00
1.136567106814421280e+01 -2.096171068144212057e+00
1.136731620912672192e+01 -2.094316209126722228e+00
1.136896135338460390e+01 -2.092461353384603484e+00
1.137060650099394898e+01 -2.090606500993949624e+00
1.137225165203261490e+01 -2.088751652032614814e+00
1.137389680658026769e+01 -2.086896806580266883e+00
1.137554196471842438e+01 -2.085041964718424623e+00
1.137718712653049558e+01 -2.083187126530495092e+00
1.137883229210183167e+01 -2.081332292101832238e+00
1.138047746151975836e+01 -2.079477461519758208e+00
1.138212263487364062e+01 -2.077622634873639740e+00
1.138376781225490575e+01 -2.075767812254905920e+00
1.138541299375711979e+01 -2.073912993757119239e+00
1.138705817947600529e+01 -2.072058179476005790e+00
1.138870336950952655e+01 -2.070203369509526325e+00
1.139034856395790563e+01 -2.068348563957906450e+00
1.139199376292370935e+01 -2.066493762923709454e+00
1.139363896651187069e+01 -2.064638966511870066e+00
1.139528417482977218e+01 -2.062784174829772610e+00
1.139692938798728328e+01 -2.060929387987282979e+00
1.139857460609682782e+01 -2.059074606096828575e+00
1.140021982927344091e+01 -2.057219829273440936e+00
1.140186505763483105e+01 -2.055365057634830350e+00
1.140351029130143878e+01 -2.053510291301439139e+00
1.140515553039650065e+01 -2.051655530396500282e+00
1.140680077504611845e+01 -2.049800775046119128e+00
1.140844602537932140e+01 -2.047946025379321355e+00
1.141009128152813545e+01 -2.046091281528134687e+00
1.141173654362765078e+01 -2.044236543627651059e+00
1.141338181181609990e+01 -2.042381811816099457e+00
1.141502708623492168e+01 -2.040527086234922294e+00
1.141667236702884125e+01 -2.038672367028841137e+00
1.141831765434594814e+01 -2.036817654345947304e+00
1.141996294833776027e+01 -2.034962948337760480e+00
1.142160824915933226e+01 -2.033108249159331749e+00
1.142325355696930167e+01 -2.031253556969302210e+00
1.142489887192999909e+01 -2.029398871929998904e+00
1.142654419420752809e+01 -2.027544194207527184e+00
1.142818952397184162e+01 -2.025689523971841766e+00
1.142983486139684679e+01 -2.023834861396846208e+00
1.143148020666048481e+01 -2.021980206660485280e+00
1.143312555994483048e+01 -2.020125559944830229e+00
1.143477092143618634e+01 -2.018270921436187137e+00
1.143641629132518212e+01 -2.016416291325182186e+00
1.143806166980687422e+01 -2.014561669806873567e+00
1.143970705708085056e+01 -2.012707057080850959e+00
1.144135245335132822e+01 -2.010852453351327895e+00
1.144299785882727249e+01 -2.008997858827273220e+00
1.144464327372249990e+01 -2.007143273722499899e+00
1.144628869825578832e+01 -2.005288698255787594e+00
1.144793413265099957e+01 -2.003434132650999899e+00
1.144957957713718955e+01 -2.001579577137189148e+00
1.145122503194873964e+01 -1.999725031948740295e+00
1.145287049732546691e+01 -1.997870497325466843e+00
1.145451597351276085e+01 -1.996015973512760056e+00
1.145616146076170594e+01 -1.994161460761706195e+00
1.145780695932922022e+01 -1.992306959329219751e+00
1.145945246947818319e+01 -1.990452469478183772e+00
1.146109799147758146e+01 -1.988597991477581317e+00
1.146274352560264376e+01 -1.986743525602642890e+00
1.146438907213499014e+01 -1.984889072134990329e+00
1.146603463136278123e+01 -1.983034631362780686e+00
1.146768020358086382e+01 -1.981180203580864330e+00
1.146932578909093614e+01 -1.979325789090935928e+00
1.147097138820169349e+01 -1.977471388201694324e+00
1.147261700122900585e+01 -1.975617001229005965e+00
1.147426262849607070e+01 -1.973762628496070093e+00
1.147590827033358529e+01 -1.971908270333585733e+00
1.147755392707993849e+01 -1.970053927079938205e+00
1.147919959908135645e+01 -1.968199599081357221e+00
1.148084528669211757e+01 -1.966345286692117611e+00
1.148249099027471587e+01 -1.964490990274715188e+00
1.148413671020006355e+01 -1.962636710200063916e+00
1.148578244684768102e+01 -1.960782446847680660e+00
1.148742820060590120e+01 -1.958928200605901893e+00
1.148907397187207025e+01 -1.957073971872070217e+00
1.149071976105275361e+01 -1.955219761052752858e+00
1.149236556856396163e+01 -1.953365568563961929e+00
1.149401139483135204e+01 -1.951511394831351609e+00
1.149565724029046976e+01 -1.949657240290470384e+00
1.149730310538696365e+01 -1.947803105386963551e+00
1.149894899057682984e+01 -1.945948990576829019e+00
1.150059489632664089e+01 -1.944094896326641120e+00
1.150224082311381046e+01 -1.942240823113809967e+00
1.150388677142681537e+01 -1.940386771426815926e+00
1.150553274176548868e+01 -1.938532741765488510e+00
1.150717873464124530e+01 -1.936678734641246180e+00
1.150882475057738041e+01 -1.934824750577380570e+00
1.151047079010932706e+01 -1.932970790109326487e+00
1.151211685378494209e+01 -1.931116853784942577e+00
1.151376294216480289e+01 -1.929262942164802652e+00
1.151540905582248797e+01 -1.927409055822488781e+00
1.151705519534488786e+01 -1.925555195344887949e+00
1.151870136133250888e+01 -1.923701361332508242e+00
1.152034755439979641e+01 -1.921847554399796820e+00
1.152199377517544754e+01 -1.919993775175447226e+00
1.152364002430274503e+01 -1.918140024302745772e+00
1.152528630243990193e+01 -1.916286302439901945e+00
1.152693261026039728e+01 -1.914432610260396572e+00
1.152857894845333497e+01 -1.912578948453335315e+00
1.153022531772380965e+01 -1.910725317723809269e+00
1.153187171879326733e+01 -1.908871718793268002e+00
1.153351815239989797e+01 -1.907018152399897915e+00
1.153516461929900672e+01 -1.905164619299005935e+00
1.153681112026342070e+01 -1.903311120263420975e+00
1.153845765608389939e+01 -1.901457656083898939e+00
1.154010422756953780e+01 -1.899604227569538395e+00
1.154175083554819814e+01 -1.897750835548198012e+00
1.154339748086694506e+01 -1.895897480866944207e+00
1.154504416439248971e+01 -1.894044164392489904e+00
1.154669088701163915e+01 -1.892190887011638623e+00
1.154833764963177245e+01 -1.890337649631772976e+00
1.154998445318130607e+01 -1.888484453181305867e+00
1.155163129861018589e+01 -1.886631298610186747e+00
1.155327818689038999e+01 -1.884778186890390117e+00
1.155492511901643127e+01 -1.882925119016430671e+00
1.155657209600587620e+01 -1.881072096005876659e+00
1.155821911889989728e+01 -1.879219118899897012e+00
1.155986618876379346e+01 -1.877366188763794241e+00
1.156151330668757105e+01 -1.875513306687571102e+00
1.156316047378649792e+01 -1.873660473786497249e+00
1.156480769120169860e+01 -1.871807691201698987e+00
1.156645496010075291e+01 -1.869954960100752572e+00
1.156810228167830168e+01 -1.868102281678302390e+00
1.156974965715667736e+01 -1.866249657156677344e+00
1.157139708778654175e+01 -1.864397087786541007e+00
1.157304457484754323e+01 -1.862544574847543544e+00
1.157469211964898648e+01 -1.860692119648986065e+00
1.157633972353051810e+01 -1.858839723530518739e+00
1.157798738786283010e+01 -1.856987387862830019e+00
1.157963511404837398e+01 -1.855135114048373168e+00
1.158128290352209788e+01 -1.853282903522098124e+00
1.158293075775219805e+01 -1.851430757752197565e+00
1.158457867824088439e+01 -1.849578678240884955e+00
1.158622666652516919e+01 -1.847726666525169037e+00
1.158787472417767361e+01 -1.845874724177672732e+00
1.158952285280743766e+01 -1.844022852807437829e+00
1.159117105406078707e+01 -1.842171054060786517e+00
1.159281932962216644e+01 -1.840319329622166933e+00
1.159446768121503446e+01 -1.838467681215034233e+00
1.159611611060276815e+01 -1.836616110602768970e+00
1.159776461958957761e+01 -1.834764619589577705e+00
1.159941321002144754e+01 -1.832913210021446915e+00
1.160106188378710890e+01 -1.831061883787109323e+00
1.160271064281902120e+01 -1.829210642819020904e+00
1.160435948909438153e+01 -1.827359489094382283e+00
1.160600842463615834e+01 -1.825508424636158367e+00
1.160765745151415018e+01 -1.823657451514149486e+00
1.160930657184606218e+01 -1.821806571846062539e+00
1.161095578779861093e+01 -1.819955787798610558e+00
1.161260510158866133e+01 -1.818105101588662009e+00
1.161425451548437415e+01 -1.816254515484374110e+00
1.161590403180639797e+01 -1.814404031806397199e+00
1.161755365292907172e+01 -1.812553652929072001e+00
1.161920338128166641e+01 -1.810703381281665969e+00
1.162085321934965698e+01 -1.808853219349657593e+00
1.162250316967600305e+01 -1.807003169676002940e+00
1.162415323486249008e+01 -1.805153234862489242e+00
1.162580341757106872e+01 -1.803303417571068934e+00
1.162745372052525816e+01 -1.801453720525257651e+00
1.162910414651154589e+01 -1.799604146511546432e+00
1.163075469838085496e+01 -1.797754698380854776e+00
1.163240537905001659e+01 -1.795905379050015682e+00
1.163405619150328718e+01 -1.794056191503287323e+00
1.163570713879390794e+01 -1.792207138793907362e+00
1.163735822404568765e+01 -1.790358224045688118e+00
1.163900945045462443e+01 -1.788509450454624172e+00
1.164066082129056845e+01 -1.786660821290569245e+00
1.164231233989892189e+01 -1.784812339898921962e+00
1.164396400970237977e+01 -1.782964009702379116e+00
1.164561583420268676e+01 -1.781115834202687154e+00
1.164726781698248992e+01 -1.779267816982489592e+00
1.164891996170716126e+01 -1.777419961707161988e+00
1.165057227212672508e+01 -1.775572272126725082e+00
1.165222475207778352e+01 -1.773724752077782796e+00
1.165387740548551854e+01 -1.771877405485518864e+00
1.165553023636572050e+01 -1.770030236365720100e+00
1.165718324882686474e+01 -1.768183248826865395e+00
1.165883644707224676e+01 -1.766336447072246685e+00
1.166048983540214934e+01 -1.764489835402148543e+00
1.166214341821607192e+01 -1.762643418216072178e+00
1.166379720001500608e+01 -1.760797200015005615e+00
1.166545118540375903e+01 -1.758951185403759609e+00
1.166710537909333922e+01 -1.757105379093339081e+00
1.166875978590338114e+01 -1.755259785903382053e+00
1.167041441076464281e+01 -1.753414410764642994e+00
1.167206925872154599e+01 -1.751569258721545452e+00
1.167372433493477324e+01 -1.749724334934773751e+00
1.167537964468395018e+01 -1.747879644683949962e+00
1.167703519337033313e+01 -1.746035193370332195e+00
1.167869098651962467e+01 -1.744190986519624786e+00
1.168034702978479622e+01 -1.742347029784795609e+00
1.168200332894901550e+01 -1.740503328949015938e+00
1.168365988992860771e+01 -1.738659889928607427e+00
1.168531671877610201e+01 -1.736816718776102775e+00
1.168697382168334720e+01 -1.734973821683347239e+00
1.168863120498468788e+01 -1.733131204984687201e+00
1.169028887516022053e+01 -1.731288875160220897e+00
1.169194683883910990e+01 -1.729446838839109546e+00
1.169360510280300325e+01 -1.727605102803003945e+00
1.169526367398949418e+01 -1.725763673989494151e+00
1.169692255949568604e+01 -1.723922559495685292e+00
1.169858176658181215e+01 -1.722081766581812445e+00
1.170024130267497320e+01 -1.720241302674972772e+00
1.170190117537291208e+01 -1.718401175372912704e+00
1.170356139244791827e+01 -1.716561392447918166e+00
1.170522196185077846e+01 -1.714721961850777632e+00
1.170688289171484797e+01 -1.712882891714848199e+00
1.170854419036019856e+01 -1.711044190360198058e+00
1.171020586629785498e+01 -1.709205866297855536e+00
1.171186792823413469e+01 -1.707367928234134524e+00
1.171353038507507982e+01 -1.705530385075080702e+00
1.171519324593098688e+01 -1.703693245930987032e+00
1.171685652012104306e+01 -1.701856520121042493e+00
1.171852021717805137e+01 -1.700020217178051851e+00
1.172018434685328003e+01 -1.698184346853279791e+00
1.172184891912140614e+01 -1.696348919121405174e+00
1.172351394418556048e+01 -1.694513944185560561e+00
1.172517943248251804e+01 -1.692679432482517399e+00
1.172684539468795428e+01 -1.690845394687954695e+00
1.172851184172186656e+01 -1.689011841721866247e+00
1.173017878475406661e+01 -1.687178784754067351e+00
1.173184623520984893e+01 -1.685346235209848942e+00
1.173351420477572482e+01 -1.683514204775724110e+00
1.173518270540532527e+01 -1.681682705405325606e+00
1.173685174932542452e+01 -1.679851749325424137e+00
1.173852134904207389e+01 -1.678021349042074561e+00
1.174019151734690425e+01 -1.676191517346904192e+00
1.174186226732353155e+01 -1.674362267323530773e+00
1.174353361235413296e+01 -1.672533612354133226e+00
1.174520556612614186e+01 -1.670705566126141406e+00
1.174687814263910646e+01 -1.668878142639107054e+00
1.174855135621168145e+01 -1.667051356211681323e+00
1.175022522148879034e+01 -1.665225221488789487e+00
1.175189975344892268e+01 -1.663399753448922880e+00
1.175357496741160723e+01 -1.661574967411606707e+00
1.175525087904503252e+01 -1.659750879045033045e+00
1.175692750437384149e+01 -1.657927504373841288e+00
1.175860485978709313e+01 -1.656104859787093986e+00
1.176028296204638934e+01 -1.654282962046389471e+00
1.176196182829417225e+01 -1.652461828294171653e+00
1.176364147606222765e+01 -1.650641476062228108e+00
1.176532192328033055e+01 -1.648821923280330282e+00
1.176700318828510916e+01 -1.647003188285108166e+00
1.176868528982907058e+01 -1.645185289829070641e+00
1.177036824708984675e+01 -1.643368247089846079e+00
1.177205207967961087e+01 -1.641552079679611253e+00
1.177373680765470887e+01 -1.639736807654708528e+00
1.177542245152549860e+01 -1.637922451525499312e+00
1.177710903226637562e+01 -1.636109032266375607e+00
1.177879657132603697e+01 -1.634296571326036229e+00
1.178048509063794214e+01 -1.632485090637942449e+00
1.178217461263100141e+01 -1.630674612631000997e+00
1.178386516024049335e+01 -1.628865160240493992e+00
1.178555675691919014e+01 -1.627056756919190050e+00
1.178724942664874931e+01 -1.625249426648750273e+00
1.178894319395130630e+01 -1.623443193951306540e+00
1.179063808390132984e+01 -1.621638083901329352e+00
1.179233412213772425e+01 -1.619834122137724819e+00
1.179403133487616806e+01 -1.618031334876167904e+00
1.179572974892171366e+01 -1.616229748921712783e+00
1.179742939168165705e+01 -1.614429391681657222e+00
1.179913029117865086e+01 -1.612630291178650310e+00
1.180083247606409813e+01 -1.610832476064098628e+00
1.180253597563182666e+01 -1.609035975631826432e+00
1.180424081983201923e+01 -1.607240819832020051e+00
1.180594703928545108e+01 -1.605447039285451183e+00
1.180765466529799923e+01 -1.603654665297998605e+00
1.180936372987544836e+01 -1.601863729875448783e+00
1.181107426573859875e+01 -1.600074265738598456e+00
1.181278630633866911e+01 -1.598286306338668084e+00
1.181449988587301370e+01 -1.596499885873013724e+00
1.181621503930115580e+01 -1.594715039301155102e+00
1.181793180236111418e+01 -1.592931802361114535e+00
1.181965021158610085e+01 -1.591150211586100482e+00
1.182137030432148528e+01 -1.589370304321485960e+00
1.182309211874215471e+01 -1.587592118742154668e+00
1.182481569387016052e+01 -1.585815693870159748e+00
1.182654106959274287e+01 -1.584041069592743156e+00
1.182826828668069119e+01 -1.582268286680690750e+00
1.182999738680705271e+01 -1.580497386807053317e+00
1.183172841256622476e+01 -1.578728412566224648e+00
1.183346140749337749e+01 -1.576961407493378431e+00
1.183519641608428330e+01 -1.575196416084283513e+00
1.183693348381549271e+01 -1.573433483815492195e+00
1.183867265716490635e+01 -1.571672657164906894e+00
1.184041398363273068e+01 -1.569913983632730492e+00
1.184215751176282971e+01 -1.568157511762828804e+00
1.184390329116445351e+01 -1.566403291164453648e+00
1.184565137253440881e+01 -1.564651372534408225e+00
1.184740180767958506e+01 -1.562901807679585531e+00
1.184915464953994402e+01 -1.561154649539943762e+00
1.185090995221188237e+01 -1.559409952211883166e+00
1.185266777097205626e+01 -1.557667770972056331e+00
1.185442816230159835e+01 -1.555928162301597695e+00
1.185619118391079674e+01 -1.554191183910797136e+00
1.185795689476419490e+01 -1.552456894764194573e+00
1.185972535510613390e+01 -1.550725355106134629e+00
1.186149662648675118e+01 -1.548996626486751182e+00
1.186327077178842160e+01 -1.547270771788420873e+00
1.186504785525265326e+01 -1.545547855252653591e+00
1.186682794250745765e+01 -1.543827942507457252e+00
1.186861110059516911e+01 -1.542111100595169759e+00
1.187039739800073868e+01 -1.540397398000738605e+00
1.187218690468049864e+01 -1.538686904680497847e+00
1.187397969209140136e+01 -1.536979692091401617e+00
1.187577583322075547e+01 -1.535275833220755004e+00
1.187757540261640798e+01 -1.533575402616408567e+00
1.187937847641745392e+01 -1.531878476417453783e+00
1.188118513238540253e+01 -1.530185132385403435e+00
1.188299544993586032e+01 -1.528495449935860506e+00
1.188480951017067788e+01 -1.526809510170677342e+00
1.188662739591063122e+01 -1.525127395910631733e+00
1.188844919172856862e+01 -1.523449191728568408e+00
1.189027498398307081e+01 -1.521774983983069873e+00
1.189210486085261032e+01 -1.520104860852610429e+00
1.189393891237021350e+01 -1.518438912370212890e+00
1.189577723045862179e+01 -1.516777230458622228e+00
1.189761990896595556e+01 -1.515119908965955275e+00
1.189946704370188080e+01 -1.513467043701881565e+00
1.190131873247428018e+01 -1.511818732474280225e+00
1.190317507512641271e+01 -1.510175075126412025e+00
1.190503617357457955e+01 -1.508536173574579919e+00
1.190690213184629975e+01 -1.506902131846299397e+00
1.190877305611894243e+01 -1.505273056118943131e+00
1.191064905475889013e+01 -1.503649054758890102e+00
1.191253023836115510e+01 -1.502030238361154346e+00
1.191441671978950190e+01 -1.500416719789502196e+00
1.191630861421703180e+01 -1.498808614217031376e+00
1.191820603916724508e+01 -1.497206039167245706e+00
1.192010911455555977e+01 -1.495609114555559671e+00
1.192201796273130121e+01 -1.494017962731300386e+00
1.192393270852012499e+01 -1.492432708520125217e+00
1.192585347926689643e+01 -1.490853479266895931e+00
1.192778040487898572e+01 -1.489280404878986275e+00
1.192971361786999474e+01 -1.487713617869994565e+00
1.193165325340389238e+01 -1.486153253403893260e+00
1.193359944933953543e+01 -1.484599449339535582e+00
1.193555234627559436e+01 -1.483052346275593791e+00
1.193751208759582205e+01 -1.481512087595822535e+00
1.193947881951470436e+01 -1.479978819514704114e+00
1.194145269112342511e+01 -1.478452691123424145e+00
1.194343385443616690e+01 -1.476933854436166982e+00
1.194542246443670486e+01 -1.475422464436704217e+00
1.194741867912529187e+01 -1.473918679125292286e+00
1.194942265956579064e+01 -1.472422659565790326e+00
1.195143456993305264e+01 -1.470934569933053382e+00
1.195345457756051211e+01 -1.469454577560512121e+00
1.195548285298796465e+01 -1.467982852987963938e+00
1.195751957000950938e+01 -1.466519570009509721e+00
1.195956490572162956e+01 -1.465064905721629174e+00
1.196161904057136383e+01 -1.463619040571364494e+00
1.196368215840456983e+01 -1.462182158404569776e+00
1.196575444651421627e+01 -1.460754446514215488e+00
1.196783609568867135e+01 -1.459336095688671620e+00
1.196992730025998775e+01 -1.457927300259987291e+00
1.197202825815208271e+01 -1.456528258152083311e+00
1.197413917092884006e+01 -1.455139170928839931e+00
1.197626024384203980e+01 -1.453760243842038946e+00
1.197839168587909775e+01 -1.452391685879097949e+00
1.198053370981057597e+01 -1.451033709810575445e+00
1.198268653223738234e+01 -1.449686532237382863e+00
1.198485037363765215e+01 -1.448350373637651956e+00
1.198702545841321765e+01 -1.447025458413218502e+00
1.198921201493565114e+01 -1.445712014935651268e+00
1.199141027559179307e+01 -1.444410275591792470e+00
1.199362047682871868e+01 -1.443120476828719134e+00
1.199584285919809368e+01 -1.441842859198093407e+00
1.199807766739982462e+01 -1.440577667399823625e+00
1.200032515032497393e+01 -1.439325150324973990e+00
1.200258556109784891e+01 -1.438085561097848242e+00
1.200485915711718654e+01 -1.436859157117186925e+00
1.200714620009639333e+01 -1.435646200096392988e+00
1.200944695610272284e+01 -1.434446956102723547e+00
1.201176169559535012e+01 -1.433261695595350105e+00
1.201409069346223291e+01 -1.432090693462232167e+00
1.201643422905567604e+01 -1.430934229055676354e+00
1.201879258622656188e+01 -1.429792586226561468e+00
1.202116605335705657e+01 -1.428666053357057208e+00
1.202355492339183485e+01 -1.427554923391834762e+00
1.202595949386757113e+01 -1.426459493867570316e+00
1.202838006694075723e+01 -1.425380066940757473e+00
1.203081694941363189e+01 -1.424316949413631406e+00
1.203327045275815621e+01 -1.423270452758156779e+00
1.203574089313794993e+01 -1.422240893137949769e+00
1.203822859142804447e+01 -1.421228591428043586e+00
1.204073387323236410e+01 -1.420233873232364274e+00
1.204325706889881076e+01 -1.419257068898810203e+00
1.204579851353183706e+01 -1.418298513531837557e+00
1.204835854700239217e+01 -1.417358547002391944e+00
1.205093751395511603e+01 -1.416437513955116856e+00
1.205353576381264880e+01 -1.415535763812648895e+00
1.205615365077694534e+01 -1.414653650776944716e+00
1.205879153382743851e+01 -1.413791533827438940e+00
1.206144977671597296e+01 -1.412949776715972661e+00
1.206412874795827861e+01 -1.412128747958277586e+00
1.206682882082196784e+01 -1.411328820821967867e+00
1.206955037331082359e+01 -1.410550373310822891e+00
1.207229378814527365e+01 -1.409793788145274007e+00
1.207505945273891612e+01 -1.409059452738915752e+00
1.207784775917094144e+01 -1.408347759170942126e+00
1.208065910415430366e+01 -1.407659104154303620e+00
1.208349388899950405e+01 -1.406993888999503284e+00
1.208635251957383083e+01 -1.406352519573831117e+00
1.208923540625591109e+01 -1.405735406255910647e+00
1.209214296388543275e+01 -1.405142963885433360e+00
1.209507561170786794e+01 -1.404575611707867822e+00
1.209803377331406438e+01 -1.404033773314065314e+00
1.210101787657456107e+01 -1.403517876574561285e+00
1.210402835356845230e+01 -1.403028353568451791e+00
1.210706564050667211e+01 -1.402565640506672651e+00
1.211013017764957844e+01 -1.402130177649578258e+00
1.211322240921859361e+01 -1.401722409218592702e+00
1.211634278330189751e+01 -1.401342783301897654e+00
1.211949175175390181e+01 -1.400991751753901227e+00
1.212266977008844293e+01 -1.400669770088443400e+00
1.212587729736553221e+01 -1.400377297365531959e+00
1.212911479607151044e+01 -1.400114796071511236e+00
1.213238273199251793e+01 -1.399882731992518003e+00
1.213568157408110970e+01 -1.399681574081109048e+00
1.213901179431591792e+01 -1.399511794315918323e+00
1.214237386755423920e+01 -1.399373867554238871e+00
1.214576827137742576e+01 -1.399268271377426487e+00
1.214919548592899012e+01 -1.399195485928990124e+00
1.215265599374530758e+01 -1.399155993745306859e+00
1.215615027957881544e+01 -1.399150279578815770e+00
1.215967883021367335e+01 -1.399178830213672953e+00
1.216324213427371070e+01 -1.399242134273711358e+00
1.216684068202271796e+01 -1.399340682022717886e+00
1.217047496515688820e+01 -1.399474965156887407e+00
1.217414547658946766e+01 -1.399645476589467918e+00
1.217785271022751559e+01 -1.399852710227515118e+00
1.218159716074074517e+01 -1.400097160740745750e+00
1.218537932332245788e+01 -1.400379323322457736e+00
1.218919969344253218e+01 -1.400699693442533089e+00
1.219305876659249677e+01 -1.401058766592496951e+00
1.219695703802268305e+01 -1.401457038022682511e+00
1.220089500247151371e+01 -1.401895002471514218e+00
1.220487315388697169e+01 -1.402373153886971480e+00
1.220889198514027818e+01 -1.402891985140277242e+00
1.221295198773190549e+01 -1.403451987731905604e+00
1.221705365148999256e+01 -1.404053651489991950e+00
1.222119746426126774e+01 -1.404697464261268181e+00
1.222538391159462279e+01 -1.405383911594622504e+00
1.222961347641745888e+01 -1.406113476417459651e+00
1.223388663870502135e+01 -1.406886638705021397e+00
1.223820387514281016e+01 -1.407703875142809480e+00
1.224256565878236458e+01 -1.408565658782364949e+00
1.224697245869059259e+01 -1.409472458690592234e+00
1.225142473959287059e+01 -1.410424739592871290e+00
1.225592296151021188e+01 -1.411422961510211849e+00
1.226046757939075249e+01 -1.412467579390751737e+00
1.226505904273587255e+01 -1.413559042735872850e+00
1.226969779522126380e+01 -1.414697795221263377e+00
1.227438427431327561e+01 -1.415884274313276237e+00
1.227911891088094443e+01 -1.417118910880944327e+00
1.228390212880400867e+01 -1.418402128804007845e+00
1.228873434457741354e+01 -1.419734344577413765e+00
1.229361596691264857e+01 -1.421115966912648076e+00
1.229854739633639937e+01 -1.422547396336399927e+00
1.230352902478698418e+01 -1.424029024786984010e+00
1.230856123520903367e+01 -1.425561235209034550e+00
1.231364440114696102e+01 -1.427144401146961172e+00
1.231877888633769302e+01 -1.428778886337692455e+00
1.232396504430326090e+01 -1.430465044303261379e+00
1.232920321794378538e+01 -1.432203217943785134e+00
1.233449373913141223e+01 -1.433993739131411260e+00
1.233983692830585532e+01 -1.435836928305855409e+00
1.234523309407209801e+01 -1.437733094072097373e+00
1.235068253280091533e+01 -1.439682532800915737e+00
1.235618552823285121e+01 -1.441685528232850899e+00
1.236174235108628139e+01 -1.443742351086282127e+00
1.236735325867028479e+01 -1.445853258670284802e+00
1.237301849450292046e+01 -1.448018494502919751e+00
1.237873828793566489e+01 -1.450238287935665227e+00
1.238451285378467581e+01 -1.452512853784675428e+00
1.239034239196955056e+01 -1.454842391969551230e+00
1.239622708716036215e+01 -1.457227087160362089e+00
1.240216710843358072e+01 -1.459667108433579941e+00
1.240816260893767620e+01 -1.462162608937676467e+00
1.241421372556907876e+01 -1.464713725569078306e+00
1.242032057865915462e+01 -1.467320578659155217e+00
1.242648327167301581e+01 -1.469983271673015679e+00
1.243270189092070943e+01 -1.472701890920708578e+00
1.243897650528163012e+01 -1.475476505281630324e+00
1.244530716594272590e+01 -1.478307165942725376e+00
1.245169390615119553e+01 -1.481193906151196060e+00
1.245813674098236135e+01 -1.484136740982361147e+00
1.246463566712331250e+01 -1.487135667123313354e+00
1.247119066267297605e+01 -1.490190662672976174e+00
1.247780168695918590e+01 -1.493301686959185304e+00
1.248446868037335022e+01 -1.496468680373350679e+00
1.249119156422328203e+01 -1.499691564223281759e+00
1.249797024060467976e+01 -1.502970240604678764e+00
1.250480459229179964e+01 -1.506304592291799693e+00
1.251169448264780826e+01 -1.509694482647807590e+00
1.251863975555516895e+01 -1.513139755555169330e+00
1.252564023536661075e+01 -1.516640235366610412e+00
1.253269572687688438e+01 -1.520195726876885089e+00
1.253980601531582195e+01 -1.523806015315821938e+00
1.254697086636282144e+01 -1.527470866362820701e+00
1.255419002618316782e+01 -1.531190026183168129e+00
1.256146322148631711e+01 -1.534963221486316698e+00
1.256879015960633339e+01 -1.538790159606332253e+00
1.257617052860463680e+01 -1.542670528604636715e+00
1.258360399739514790e+01 -1.546603997395148866e+00
1.259109021589184607e+01 -1.550590215891846313e+00
1.259862881517874200e+01 -1.554628815178741519e+00
1.260621940770225713e+01 -1.558719407702257698e+00
1.261386158748588393e+01 -1.562861587485883774e+00
1.262155493036695120e+01 -1.567054930366950316e+00
1.262929899425536995e+01 -1.571298994255370118e+00
1.263709331941410596e+01 -1.575593319414105409e+00
1.264493742876101479e+01 -1.579937428761015283e+00
1.265283082819186333e+01 -1.584330828191863105e+00
1.266077300692397323e+01 -1.588773006923974052e+00
1.266876343786025849e+01 -1.593263437860258591e+00
1.267680157797299501e+01 -1.597801577972994380e+00
1.268488686870697357e+01 -1.602386868706973999e+00
1.269301873640139711e+01 -1.607018736401396808e+00
1.270119659272991619e+01 -1.611696592729915167e+00
1.270941983515822571e+01 -1.616419835158225737e+00
1.271768784741850844e+01 -1.621187847418507744e+00
1.272600000000000087e+01 -1.626000000000001222e+00
1.273435565065499198e+01 -1.630855650654991607e+00
1.274275414491939529e+01 -1.635754144919395969e+00
1.275119481664718180e+01 -1.640694816647181753e+00
1.275967698855772525e+01 -1.645676988557724485e+00
1.276819997279528351e+01 -1.650699972795283799e+00
1.277676307149971890e+01 -1.655763071499718464e+00
1.278536557738742907e+01 -1.660865577387429681e+00
1.279400677434178135e+01 -1.666006774341781238e+00
1.280268593801182675e+01 -1.671185938011827687e+00
1.281140233641862025e+01 -1.676402336418620465e+00
1.282015523056790052e+01 -1.681655230567900006e+00
1.282894387506837042e+01 -1.686943875068370957e+00
1.283776751875446820e+01 -1.692267518754468014e+00
1.284662540531264163e+01 -1.697625405312640723e+00
1.285551677391019432e+01 -1.703016773910194459e+00
1.286444085982567209e+01 -1.708440859825671509e+00
1.287339689507978413e+01 -1.713896895079784599e+00
1.288238410906594034e+01 -1.719384109065940081e+00
1.289140172917936411e+01 -1.724901729179364906e+00
1.290044898144390828e+01 -1.730448981443908352e+00
1.290952509113551372e+01 -1.736025091135513065e+00
1.291862928340151839e+01 -1.741629283401518791e+00
1.292776078387481498e+01 -1.747260783874814649e+00
1.293691881928198306e+01 -1.752918819281982010e+00
1.294610261804457885e+01 -1.758602618044578847e+00
1.295531141087270477e+01 -1.764311410872705821e+00
1.296454443135006329e+01 -1.770044431350063618e+00
1.297380091650966349e+01 -1.775800916509663097e+00
1.298308010739954099e+01 -1.781580107399541646e+00
1.299238124963765628e+01 -1.787381249637656211e+00
1.300170359395533026e+01 -1.793203593955329467e+00
1.301104639672856322e+01 -1.799046396728563479e+00
1.302040892049664222e+01 -1.804908920496641755e+00
1.302979043446737251e+01 -1.810790434467373089e+00
1.303919021500851549e+01 -1.816690215008515352e+00
1.304860754612477258e+01 -1.822607546124773492e+00
1.305804171992000562e+01 -1.828541719920005804e+00
1.306749203704411855e+01 -1.834492037044118007e+00
1.307695780712430356e+01 -1.840457807124304068e+00
1.308643834918027160e+01 -1.846438349180271388e+00
1.309593299202312267e+01 -1.852432992023121727e+00
1.310544107463760533e+01 -1.858441074637605439e+00
1.311496194654757375e+01 -1.864461946547573135e+00
1.312449496816430994e+01 -1.870494968164310379e+00
1.313403951111772194e+01 -1.876539511117721659e+00
1.314359495857013194e+01 -1.882594958570132704e+00
1.315316070551270400e+01 -1.888660705512704041e+00
1.316273615904432503e+01 -1.894736159044324353e+00
1.317232073863305430e+01 -1.900820738633054674e+00
1.318191387636005452e+01 -1.906913876360054161e+00
1.319151501714609331e+01 -1.913015017146092234e+00
1.320112361896070929e+01 -1.919123618960709265e+00
1.321073915301412605e+01 -1.925239153014127069e+00
1.322036110393208119e+01 -1.931361103932081491e+00
1.322998896991368767e+01 -1.937488969913687242e+00
1.323962226287261146e+01 -1.943622262872612083e+00
1.324926050856171500e+01 -1.949760508561714900e+00
1.325890324668140607e+01 -1.955903246681405250e+00
1.326855003097202967e+01 -1.962050030972029901e+00
1.327820042929055866e+01 -1.968200429290558162e+00
1.328785402367180879e+01 -1.974354023671809344e+00
1.329751041037470927e+01 -1.980510410374709096e+00
1.330716919991372293e+01 -1.986669199913723816e+00
1.331683001707602187e+01 -1.992830017076022031e+00
1.332649250092458892e+01 -1.998992500924588356e+00
1.333615630478779046e+01 -2.005156304787790944e+00
1.334582109623573665e+01 -2.011321096235736405e+00
1.335548655704385190e+01 -2.017486557043850937e+00
1.336515238314410503e+01 -2.023652383144105116e+00
1.337481828456433064e+01 -2.029818284564330000e+00
1.338448398535599893e+01 -2.035983985355999337e+00
1.339414922351102355e+01 -2.042149223511023237e+00
1.340381375086787052e+01 -2.048313750867871263e+00
1.341347733300759693e+01 -2.054477333007596940e+00
1.342313974914011077e+01 -2.060639749140110055e+00
1.343280079198121868e+01 -2.066800791981219021e+00
1.344246026762088597e+01 -2.072960267620885588e+00
1.345211799538305719e+01 -2.079117995383056083e+00
1.346177380767766252e+01 -2.085273807677662461e+00
1.347142754984511726e+01 -2.091427549845118250e+00
1.348107907999379762e+01 -2.097579079993797890e+00
1.349072826883091558e+01 -2.103728268830915127e+00
1.350037499948726172e+01 -2.109874999487262315e+00
1.351001916733622288e+01 -2.116019167336222750e+00
1.351966067980743347e+01 -2.122160679807432615e+00
1.352929945619556129e+01 -2.128299456195561490e+00
1.353893542746460454e+01 -2.134435427464604018e+00
1.354856853604800904e+01 -2.140568536048009562e+00
1.355819873564515454e+01 -2.146698735645154343e+00
1.356782599101440745e+01 -2.152825991014408302e+00
1.357745027776326019e+01 -2.158950277763260317e+00
1.358707158213579014e+01 -2.165071582135789541e+00
1.359668990079787143e+01 -2.171189900797871886e+00
1.360630524062046298e+01 -2.177305240620462712e+00
1.361591761846121251e+01 -2.183417618461211518e+00
1.362552706094482602e+01 -2.189527060944826076e+00
1.363513360424242293e+01 -2.195633604242422265e+00
1.364473729385014167e+01 -2.201737293850142052e+00
1.365433818436738989e+01 -2.207838184367389545e+00
1.366393633927488338e+01 -2.213936339274884091e+00
1.367353183071283418e+01 -2.220031830712834164e+00
1.368312473925945127e+01 -2.226124739259450536e+00
1.369271515371007197e+01 -2.232215153710072286e+00
1.370230317085710325e+01 -2.238303170857102842e+00
1.371188889527097032e+01 -2.244388895270969186e+00
1.372147243908232817e+01 -2.250472439082328080e+00
1.373105392176572614e+01 -2.256553921765727111e+00
1.374063346992484291e+01 -2.262633469924843155e+00
1.375021121707953142e+01 -2.268711217079530940e+00
1.375978730345482859e+01 -2.274787303454829157e+00
1.376936187577208592e+01 -2.280861875772085767e+00
1.377893508704229042e+01 -2.286935087042289538e+00
1.378850709636183147e+01 -2.293007096361831643e+00
1.379807806871076536e+01 -2.299078068710764811e+00
1.380764817475366790e+01 -2.305148174753668400e+00
1.381721759064327948e+01 -2.311217590643279252e+00
1.382678649782691593e+01 -2.317286497826916758e+00
1.383635508285586724e+01 -2.323355082855867337e+00
1.384592353719774316e+01 -2.329423537197742533e+00
1.385549205705192222e+01 -2.335492057051922643e+00
1.386506084316816612e+01 -2.341560843168165817e+00
1.387463010066838542e+01 -2.347630100668384401e+00
1.388420003887170573e+01 -2.353700038871705758e+00
1.389377087112283959e+01 -2.359770871122838898e+00
1.390334281462375543e+01 -2.365842814623755785e+00
1.391291609026878007e+01 -2.371916090268779698e+00
1.392249092248304976e+01 -2.377990922483050440e+00
1.393206753906444817e+01 -2.384067539064448127e+00
1.394164617102890880e+01 -2.390146171028908029e+00
1.395122705245923989e+01 -2.396227052459240170e+00
1.396081042035737951e+01 -2.402310420357379073e+00
1.397039651450008790e+01 -2.408396514500088514e+00
1.397998557729815516e+01 -2.414485577298155050e+00
1.398957785365898232e+01 -2.420577853658983258e+00
1.399917359085268309e+01 -2.426673590852683304e+00
1.400877303838154830e+01 -2.432773038381547792e+00
1.401837644785293513e+01 -2.438876447852935669e+00
1.402798407285557403e+01 -2.444984072855573842e+00
1.403759616883917616e+01 -2.451096168839175249e+00
1.404721299299741588e+01 -2.457212992997416023e+00
1.405683480415421727e+01 -2.463334804154216684e+00
1.406646186265327181e+01 -2.469461862653272277e+00
1.407609443025085127e+01 -2.475594430250851019e+00
1.408573277001174517e+01 -2.481732770011745970e+00
1.409537714620843118e+01 -2.487877146208431256e+00
1.410502782422329560e+01 -2.494027824223294942e+00
1.411468507045397480e+01 -2.500185070453975200e+00
1.412434915222172549e+01 -2.506349152221725163e+00
1.413402033768273469e+01 -2.512520337682733640e+00
1.414369889574241235e+01 -2.518698895742412347e+00
1.415338509597257755e+01 -2.524885095972578597e+00
1.416307920853144786e+01 -2.531079208531448188e+00
1.417278150408644244e+01 -2.537281504086442041e+00
1.418249225373972600e+01 -2.543492253739726650e+00
1.419221172895645822e+01 -2.549711728956458145e+00
1.420194020149564373e+01 -2.555940201495642938e+00
1.421167794334358803e+01 -2.562177943343588282e+00
1.422142522664992015e+01 -2.568425226649919679e+00
1.423118232366602243e+01 -2.574682323666023009e+00
1.424094950668597193e+01 -2.580949506685971784e+00
1.425072704798978229e+01 -2.587227047989783202e+00
1.426051521978904191e+01 -2.593515219789042092e+00
1.427031429417475650e+01 -2.599814294174755958e+00
1.428012454306744239e+01 -2.606124543067442900e+00
1.428994623816941356e+01 -2.612446238169413348e+00
1.429977965091910797e+01 -2.618779650919107027e+00
1.430962505244753835e+01 -2.625125052447538465e+00
1.431948271353675217e+01 -2.631482713536751561e+00
1.432935290458019750e+01 -2.637852904580197944e+00
1.433923589554506961e+01 -2.644235895545069326e+00
1.434913195593644986e+01 -2.650631955936450623e+00
1.435904135476331334e+01 -2.657041354763313379e+00
1.436896436050625070e+01 -2.663464360506250017e+00
1.437890124108692369e+01 -2.669901241086924060e+00
1.438885226383920113e+01 -2.676352263839200774e+00
1.439881769548187407e+01 -2.682817695481872988e+00
1.440879780209296079e+01 -2.689297802092960765e+00
1.441879284908557679e+01 -2.695792849085577814e+00
1.442880310118521514e+01 -2.702303101185215439e+00
1.443882882240850307e+01 -2.708828822408502646e+00
1.444887027604335117e+01 -2.715370276043351794e+00
1.445892772463047571e+01 -2.721927724630475609e+00
1.446900142994615379e+01 -2.728501429946152967e+00
1.447909165298634093e+01 -2.735091652986341160e+00
1.448919865395195750e+01 -2.741698653951956999e+00
1.449932269223537062e+01 -2.748322692235371179e+00
1.450946402640805211e+01 -2.754964026408051936e+00
1.451962291420930740e+01 -2.761622914209308277e+00
1.452979961253612196e+01 -2.768299612536122112e+00
1.453999437743400946e+01 -2.774994377434008896e+00
1.455020746408887788e+01 -2.781707464088878368e+00
1.456043912681988672e+01 -2.788439126819886482e+00
1.457068961907318538e+01 -2.795189619073184417e+00
1.458095919341658231e+01 -2.801959193416582394e+00
1.459124810153513074e+01 -2.808748101535130104e+00
1.460155659422742858e+01 -2.815556594227428988e+00
1.461188492140287387e+01 -2.822384921402873559e+00
1.462223333207955100e+01 -2.829233332079551744e+00
1.463260207438300675e+01 -2.836102074383006766e+00
1.464299139554560725e+01 -2.842991395545606537e+00
1.465340154190668720e+01 -2.849901541906687541e+00
1.466383275891333149e+01 -2.856832758913331105e+00
1.467428529112176427e+01 -2.863785291121763166e+00
1.468475938219938648e+01 -2.870759382199386422e+00
1.469525527492739769e+01 -2.877755274927398688e+00
1.470577321120396164e+01 -2.884773211203961907e+00
1.471631343204791165e+01 -2.891813432047911192e+00
1.472687617760299084e+01 -2.898876177602991433e+00
1.473746168714258431e+01 -2.905961687142584182e+00
1.474807019907490258e+01 -2.913070199074901723e+00
1.475870195094861437e+01 -2.920201950948614567e+00
1.476935717945897864e+01 -2.927357179458978109e+00
1.478003612045426074e+01 -2.934536120454261265e+00
1.479073900894269222e+01 -2.941739008942692024e+00
1.480146607909965084e+01 -2.948966079099651694e+00
1.481221756427535041e+01 -2.956217564275350540e+00
1.482299369700271541e+01 -2.963493697002714811e+00
1.483379470900570318e+01 -2.970794709005703638e+00
1.484462083120788023e+01 -2.978120831207879959e+00
1.485547229374125777e+01 -2.985472293741256777e+00
1.486634932595545422e+01 -2.992849325955454276e+00
1.487725215642710808e+01 -3.000252156427107408e+00
1.488818101296948804e+01 -3.007681012969488421e+00
1.489913612264241394e+01 -3.015136122642413596e+00
1.491011771176230738e+01 -3.022617711762308090e+00
1.492112600591253369e+01 -3.030126005912533671e+00
1.493216122995386641e+01 -3.037661229953865671e+00
1.494322360803516503e+01 -3.045223608035165341e+00
1.495431336360425156e+01 -3.052813363604251151e+00
1.496543071941885472e+01 -3.060430719418853585e+00
1.497657589755780450e+01 -3.068075897557804410e+00
1.498774911943230137e+01 -3.075749119432302336e+00
1.499895060579734718e+01 -3.083450605797347421e+00
1.501018057676323103e+01 -3.091180576763230547e+00
1.502143925180720530e+01 -3.098939251807205864e+00
1.503272684978522378e+01 -3.106726849785223621e+00
1.504404358894374738e+01 -3.114543588943746499e+00
1.505538968693165636e+01 -3.122389686931656527e+00
1.506676536081226381e+01 -3.130265360812263253e+00
1.507817082707532208e+01 -3.138170827075322578e+00
1.508960630164916950e+01 -3.146106301649169268e+00
1.510107199991286819e+01 -3.154071999912869018e+00
1.511256813670843258e+01 -3.162068136708432675e+00
1.512409492635305241e+01 -3.170094926353051790e+00
1.513565258265138702e+01 -3.178152582651387448e+00
1.514724131890788072e+01 -3.186241318907880427e+00
1.515886134793906059e+01 -3.194361347939059570e+00
1.517051288208590520e+01 -3.202512882085905233e+00
1.518219613322619566e+01 -3.210696133226194959e+00
1.519391131278686125e+01 -3.218911312786861600e+00
1.520565863175635535e+01 -3.227158631756354978e+00
1.521743830069699044e+01 -3.235438300696991121e+00
1.522925052975731752e+01 -3.243750529757317480e+00
1.524109552868442208e+01 -3.252095528684421311e+00
1.525297350683627151e+01 -3.260473506836271795e+00
1.526488467319401110e+01 -3.268884673194010659e+00
1.527682923637422618e+01 -3.277329236374225019e+00
1.528880740464119370e+01 -3.285807404641193585e+00
1.530081938591910884e+01 -3.294319385919109777e+00
1.531286538780427620e+01 -3.302865387804276409e+00
1.532494561757721918e+01 -3.311445617577218670e+00
1.533706028221482498e+01 -3.320060282214825520e+00
1.534920958840241312e+01 -3.328709588402412933e+00
1.536139374254573120e+01 -3.337393742545730291e+00
1.537361295078293466e+01 -3.346112950782934803e+00
1.538586741899655763e+01 -3.354867418996557049e+00
1.539815735282531683e+01 -3.363657352825317304e+00
1.541048295767601140e+01 -3.372482957676011139e+00
1.542284443873521660e+01 -3.381344438735217395e+00
1.543524200098106292e+01 -3.390242000981062986e+00
1.544767584919484449e+01 -3.399175849194843835e+00
1.546014618797262585e+01 -3.408146187972626251e+00
1.547265322173679536e+01 -3.417153221736795032e+00
1.548519715474750669e+01 -3.426197154747505635e+00
1.549777819111409727e+01 -3.435278191114097268e+00
1.551039653480644631e+01 -3.444396534806445587e+00
1.552305238966622980e+01 -3.453552389666230127e+00
1.553574595941815062e+01 -3.462745959418150221e+00
1.554847744768105500e+01 -3.471977447681055651e+00
1.556124705797904539e+01 -3.481247057979045323e+00
1.557405499375245483e+01 -3.490554993752454038e+00
1.558690145836878571e+01 -3.499901458368785967e+00
1.559978665513360951e+01 -3.509286655133609045e+00
1.561271078730130668e+01 -3.518710787301307263e+00
1.562567405808584908e+01 -3.528174058085848941e+00
1.563867667067140133e+01 -3.537676670671402235e+00
1.565171882822294691e+01 -3.547218828222947096e+00
1.566480073389675098e+01 -3.556800733896750444e+00
1.567792259085083018e+01 -3.566422590850830687e+00
1.569108460225531587e+01 -3.576084602255315659e+00
1.570428697130271800e+01 -3.585786971302717063e+00
1.571752990121816396e+01 -3.595529901218164071e+00
1.573081359526955225e+01 -3.605313595269551641e+00
1.574413825677758538e+01 -3.615138256777585823e+00
1.575750408912582756e+01 -3.625004089125827278e+00
1.577091129577057060e+01 -3.634911295770571371e+00
1.578436008025074955e+01 -3.644860080250749590e+00
1.579785064619766288e+01 -3.654850646197662201e+00
1.581138319734471764e+01 -3.664883197344718013e+00
1.582495793753709279e+01 -3.674957937537092434e+00
1.583857507074123916e+01 -3.685075070741238079e+00
1.585223480105442206e+01 -3.695234801054422036e+00
1.586593733271413953e+01 -3.705437332714140553e+00
1.587968287010748369e+01 -3.715682870107483993e+00
1.589347161778037787e+01 -3.725971617780377443e+00
1.590730378044683846e+01 -3.736303780446839085e+00
1.592117956299811965e+01 -3.746679562998119550e+00
1.593509917051174085e+01 -3.757099170511740027e+00
1.594906280826053546e+01 -3.767562808260535689e+00
1.596307068172159305e+01 -3.778070681721592550e+00
1.597712299658507362e+01 -3.788622996585074176e+00
1.599121995876309654e+01 -3.799219958763096372e+00
1.600536177439838426e+01 -3.809861774398385137e+00
1.601954864987301974e+01 -3.820548649873019897e+00
1.603378079181698013e+01 -3.831280791816979558e+00
1.604805840711670939e+01 -3.842058407116709873e+00
1.606238170292362000e+01 -3.852881702923619756e+00
1.607675088666243823e+01 -3.863750886662437267e+00
1.609116616603960992e+01 -3.874666166039610005e+00
1.610562774905157823e+01 -3.885627749051577595e+00
1.612013584399296917e+01 -3.896635843992969583e+00
1.613469065946481606e+01 -3.907690659464815752e+00
1.614929240438259228e+01 -3.918792404382593020e+00
1.616394128798433272e+01 -3.929941287984332732e+00
1.617863751983853859e+01 -3.941137519838537884e+00
1.619338130985214619e+01 -3.952381309852146529e+00
1.620817286827840320e+01 -3.963672868278402817e+00
1.622301240572463144e+01 -3.975012405724630327e+00
1.623790013316001790e+01 -3.986400133160017845e+00
1.625283626192330644e+01 -3.997836261923307433e+00
1.626782100373042894e+01 -4.009321003730429211e+00
1.628285457068209396e+01 -4.020854570682093510e+00
1.629793717527130070e+01 -4.032437175271301300e+00
1.631306903039087075e+01 -4.044069030390870623e+00
1.632825034934081643e+01 -4.055750349340815575e+00
1.634348134583573398e+01 -4.067481345835734174e+00
1.635876223401215768e+01 -4.079262234012157151e+00
1.637409322843577542e+01 -4.091093228435775941e+00
1.638947454410870819e+01 -4.102974544108707988e+00
1.640490639647664040e+01 -4.114906396476641248e+00
1.642038900143597502e+01 -4.126889001435975146e+00
1.643592257534088574e+01 -4.138922575340885146e+00
1.645150733501035489e+01 -4.151007335010355348e+00
1.646714349773519359e+01 -4.163143497735193321e+00
1.648283128128490915e+01 -4.175331281284908158e+00
1.649857090391464354e+01 -4.187570903914643594e+00
1.651436258437204430e+01 -4.199862584372043628e+00
1.653020654190399696e+01 -4.212206541903997348e+00
1.654610299626346759e+01 -4.224602996263467247e+00
1.656205216771614985e+01 -4.237052167716150564e+00
1.657805427704720813e+01 -4.249554277047208117e+00
1.659410954556785356e+01 -4.262109545567852820e+00
1.661021819512197695e+01 -4.274718195121977260e+00
1.662638044809271776e+01 -4.287380448092717344e+00
1.664259652740893358e+01 -4.300096527408932445e+00
1.665886665655170873e+01 -4.312866656551708644e+00
1.667519105956080594e+01 -4.325691059560806906e+00
1.669156996104106128e+01 -4.338569961041061518e+00
1.670800358616872572e+01 -4.351503586168725235e+00
1.672449216069782807e+01 -4.364492160697828638e+00
1.674103591096646682e+01 -4.377535910966466659e+00
1.675763506390306290e+01 -4.390635063903062019e+00
1.677428984703258052e+01 -4.403789847032580695e+00
1.679100048848275151e+01 -4.417000488482750953e+00
1.680776721699019660e+01 -4.430267216990197099e+00
1.682459026190660012e+01 -4.443590261906599892e+00
1.684146985320475665e+01 -4.456969853204757470e+00
1.685840622148468526e+01 -4.470406221484685361e+00
1.687539959797964073e+01 -4.483899597979640106e+00
1.689245021456210338e+01 -4.497450214562103810e+00
1.690955830374981872e+01 -4.511058303749818421e+00
1.692672409871168071e+01 -4.524724098711679687e+00
1.694394783327366483e+01 -4.538447833273664855e+00
1.696122974192477528e+01 -4.552229741924774586e+00
1.697857005982283241e+01 -4.566070059822832761e+00
1.699596902280038790e+01 -4.579969022800387535e+00
1.701342686737046250e+01 -4.593926867370463185e+00
1.703094383073242213e+01 -4.607943830732422086e+00
1.704852015077766225e+01 -4.622020150777661485e+00
1.706615606609538460e+01 -4.636156066095384887e+00
1.708385181597834190e+01 -4.650351815978341463e+00
1.710160764042847958e+01 -4.664607640428478419e+00
1.711942378016261301e+01 -4.678923780162612900e+00
1.713730047661813671e+01 -4.693300476618137651e+00
1.715523797195858435e+01 -4.707737971958584566e+00
1.717323650907926691e+01 -4.722236509079266398e+00
1.719129633161282555e+01 -4.736796331612826094e+00
1.720941768393486981e+01 -4.751417683934869629e+00
1.722760081116945230e+01 -4.766100811169451390e+00
1.724584595919461094e+01 -4.780845959194611083e+00
1.726415337464792898e+01 -4.795653374647928402e+00
1.728252330493194577e+01 -4.810523304931946242e+00
1.730095599821971319e+01 -4.825455998219712939e+00
1.731945170346016738e+01 -4.840451703460168176e+00
1.733801067038365673e+01 -4.855510670383656802e+00
1.735663314950728875e+01 -4.870633149507288095e+00
1.737531939214037635e+01 -4.885819392140376749e+00
1.739406965038984154e+01 -4.901069650389841215e+00
1.741288417716556225e+01 -4.916384177165561198e+00
1.743176322618574048e+01 -4.931763226185740479e+00
