1.128064650103582345e+01 -2.280646501035823448e+00
1.128230319363577472e+01 -2.278803193635773994e+00
1.128395988630454561e+01 -2.276959886304545932e+00
1.128561657904396398e+01 -2.275116579043963583e+00
1.128727327185589502e+01 -2.273273271855895672e+00
1.128892996474226251e+01 -2.271429964742262442e+00
1.129058665770503289e+01 -2.269586657705032096e+00
1.129224335074623298e+01 -2.267743350746233233e+00
1.129390004386793400e+01 -2.265900043867933533e+00
1.129555673707226937e+01 -2.264056737072269954e+00
1.129721343036142400e+01 -2.262213430361423860e+00
1.129887012373764854e+01 -2.260370123737647674e+00
1.130052681720324514e+01 -2.258526817203245329e+00
1.130218351076057637e+01 -2.256683510760575828e+00
1.130384020441207404e+01 -2.254840204412074556e+00
1.130549689816022862e+01 -2.252996898160228412e+00
1.130715359200760339e+01 -2.251153592007604232e+00
1.130881028595681670e+01 -2.249310285956816813e+00
1.131046698001057393e+01 -2.247466980010573323e+00
1.131212367417163378e+01 -2.245623674171634221e+00
1.131378036844284196e+01 -2.243780368442841677e+00
1.131543706282711170e+01 -2.241937062827112470e+00
1.131709375732743794e+01 -2.240093757327437984e+00
1.131875045194689022e+01 -2.238250451946889541e+00
1.132040714668862336e+01 -2.236407146688623726e+00
1.132206384155587386e+01 -2.234563841555873509e+00
1.132372053655196531e+01 -2.232720536551966006e+00
1.132537723168030652e+01 -2.230877231680306494e+00
1.132703392694440048e+01 -2.229033926944399724e+00
1.132869062234783719e+01 -2.227190622347837490e+00
1.133034731789430793e+01 -2.225347317894307508e+00
1.133200401358759812e+01 -2.223504013587598749e+00
1.133366070943159443e+01 -2.221660709431594327e+00
1.133531740543028477e+01 -2.219817405430283941e+00
1.133697410158776719e+01 -2.217974101587767422e+00
1.133863079790824280e+01 -2.216130797908242300e+00
1.134028749439602635e+01 -2.214287494396026901e+00
1.134194419105554452e+01 -2.212444191055544351e+00
1.134360088789134657e+01 -2.210600887891347455e+00
1.134525758490809721e+01 -2.208757584908097371e+00
1.134691428211058728e+01 -2.206914282110586711e+00
1.134857097950373195e+01 -2.205070979503732431e+00
1.135022767709257963e+01 -2.203227677092579384e+00
1.135188437488231195e+01 -2.201384374882312756e+00
1.135354107287824021e+01 -2.199541072878240300e+00
1.135519777108583028e+01 -2.197697771085829643e+00
1.135685446951067767e+01 -2.195854469510678086e+00
1.135851116815853956e+01 -2.194011168158539249e+00
1.136016786703531523e+01 -2.192167867035315965e+00
1.136182456614706915e+01 -2.190324566147069163e+00
1.136348126550001503e+01 -2.188481265500014317e+00
1.136513796510054064e+01 -2.186637965100540981e+00
1.136679466495519897e+01 -2.184794664955198584e+00
1.136845136507071707e+01 -2.182951365070717742e+00
1.137010806545400143e+01 -2.181108065454001377e+00
1.137176476611213793e+01 -2.179264766112137153e+00
1.137342146705240253e+01 -2.177421467052402804e+00
1.137507816828226304e+01 -2.175578168282262581e+00
1.137673486980938620e+01 -2.173734869809386794e+00
1.137839157164164128e+01 -2.171891571641641150e+00
1.138004827378710360e+01 -2.170048273787102744e+00
1.138170497625406519e+01 -2.168204976254065386e+00
1.138336167905103302e+01 -2.166361679051032496e+00
1.138501838218674855e+01 -2.164518382186749079e+00
1.138667508567017350e+01 -2.162675085670173303e+00
1.138833178951051472e+01 -2.160831789510515577e+00
1.138998849371721711e+01 -2.158988493717217239e+00
1.139164519829998135e+01 -2.157145198299980748e+00
1.139330190326876036e+01 -2.155301903268760810e+00
1.139495860863377352e+01 -2.153458608633773252e+00
1.139661531440550668e+01 -2.151615314405507462e+00
1.139827202059472988e+01 -2.149772020594729938e+00
1.139992872721249029e+01 -2.147928727212489619e+00
1.140158543427013171e+01 -2.146085434270132097e+00
1.140324214177930173e+01 -2.144242141779301392e+00
1.140489884975194812e+01 -2.142398849751948831e+00
1.140655555820034195e+01 -2.140555558200341935e+00
1.140821226713707581e+01 -2.138712267137075074e+00
1.140986897657507626e+01 -2.136868976575076573e+00
1.141152568652761090e+01 -2.135025686527610489e+00
1.141318239700829906e+01 -2.133182397008299702e+00
1.141483910803112423e+01 -2.131339108031124141e+00
1.141649581961043403e+01 -2.129495819610433216e+00
1.141815253176096157e+01 -2.127652531760961807e+00
1.141980924449782542e+01 -2.125809244497824935e+00
1.142146595783654384e+01 -2.123965957836544405e+00
1.142312267179305074e+01 -2.122122671793050586e+00
1.142477938638369750e+01 -2.120279386383696618e+00
1.142643610162527423e+01 -2.118436101625274404e+00
1.142809281753500450e+01 -2.116592817535003945e+00
1.142974953413057904e+01 -2.114749534130579534e+00
1.143140625143014866e+01 -2.112906251430148430e+00
1.143306296945235445e+01 -2.111062969452355276e+00
1.143471968821631712e+01 -2.109219688216317223e+00
1.143637640774167608e+01 -2.107376407741675450e+00
1.143803312804858230e+01 -2.105533128048582725e+00
1.143968984915772680e+01 -2.103689849157726499e+00
1.144134657109034237e+01 -2.101846571090343119e+00
1.144300329386822668e+01 -2.100003293868226706e+00
1.144466001751375472e+01 -2.098160017513754028e+00
1.144631674204989125e+01 -2.096316742049891602e+00
1.144797346750021205e+01 -2.094473467500211683e+00
1.144963019388891468e+01 -2.092630193888915358e+00
1.145128692124083969e+01 -2.090786921240839646e+00
1.145294364958148314e+01 -2.088943649581482376e+00
1.145460037893701077e+01 -2.087100378937011058e+00
1.145625710933429531e+01 -2.085257109334294867e+00
1.145791384080090403e+01 -2.083413840800904637e+00
1.145957057336514673e+01 -2.081570573365146615e+00
1.146122730705607395e+01 -2.079727307056073116e+00
1.146288404190351251e+01 -2.077884041903512724e+00
1.146454077793807258e+01 -2.076040777938072068e+00
1.146619751519117614e+01 -2.074197515191176677e+00
1.146785425369507827e+01 -2.072354253695078086e+00
1.146951099348288849e+01 -2.070510993482887585e+00
1.147116773458858852e+01 -2.068667734588588658e+00
1.147282447704706421e+01 -2.066824477047063624e+00
1.147448122089412337e+01 -2.064981220894123837e+00
1.147613796616651705e+01 -2.063137966166516790e+00
1.147779471290197861e+01 -2.061294712901979409e+00
1.147945146113923087e+01 -2.059451461139230943e+00
1.148110821091802691e+01 -2.057608210918026259e+00
1.148276496227916965e+01 -2.055764962279170049e+00
1.148442171526454381e+01 -2.053921715264543479e+00
1.148607846991713899e+01 -2.052078469917139714e+00
1.148773522628108879e+01 -2.050235226281088785e+00
1.148939198440168852e+01 -2.048391984401687793e+00
1.149104874432543433e+01 -2.046548744325434654e+00
1.149270550610005692e+01 -2.044705506100056525e+00
1.149436226977454645e+01 -2.042862269774547102e+00
1.149601903539918979e+01 -2.041019035399189718e+00
1.149767580302560610e+01 -2.039175803025605305e+00
1.149933257270677878e+01 -2.037332572706779033e+00
1.150098934449709809e+01 -2.035489344497097619e+00
1.150264611845238605e+01 -2.033646118452386631e+00
1.150430289462994971e+01 -2.031802894629949563e+00
1.150595967308860956e+01 -2.029959673088608696e+00
1.150761645388874577e+01 -2.028116453888745951e+00
1.150927323709232830e+01 -2.026273237092327761e+00
1.151093002276297916e+01 -2.024430022762979675e+00
1.151258681096599368e+01 -2.022586810965993465e+00
1.151424360176840267e+01 -2.020743601768403508e+00
1.151590039523900622e+01 -2.018900395239006329e+00
1.151755719144842693e+01 -2.017057191448426323e+00
1.151921399046915795e+01 -2.015213990469158389e+00
1.152087079237561085e+01 -2.013370792375610563e+00
1.152252759724416364e+01 -2.011527597244164411e+00
1.152418440515321763e+01 -2.009684405153217668e+00
1.152584121618325064e+01 -2.007841216183249955e+00
1.152749803041686683e+01 -2.005998030416867195e+00
1.152915484793886236e+01 -2.004154847938862005e+00
1.153081166883626985e+01 -2.002311668836270542e+00
1.153246849319843115e+01 -2.000468493198431119e+00
1.153412532111705069e+01 -1.998625321117049936e+00
1.153578215268625762e+01 -1.996782152686257916e+00
1.153743898800267864e+01 -1.994938988002678215e+00
1.153909582716548776e+01 -1.993095827165488387e+00
1.154075267027649687e+01 -1.991252670276496772e+00
1.154240951744019839e+01 -1.989409517440197561e+00
1.154406636876385761e+01 -1.987566368763857838e+00
1.154572322435758025e+01 -1.985723224357579753e+00
1.154738008433437813e+01 -1.983880084334378680e+00
1.154903694881026510e+01 -1.982036948810264931e+00
1.155069381790431216e+01 -1.980193817904313036e+00
1.155235069173875218e+01 -1.978350691738752332e+00
1.155400757043904569e+01 -1.976507570439045125e+00
1.155566445413398036e+01 -1.974664454133980840e+00
1.155732134295574376e+01 -1.972821342955743518e+00
1.155897823704002825e+01 -1.970978237040029057e+00
1.156063513652611086e+01 -1.969135136526110941e+00
1.156229204155696166e+01 -1.967292041556961024e+00
1.156394895227932906e+01 -1.965448952279329475e+00
1.156560586884384456e+01 -1.963605868843844249e+00
1.156726279140512759e+01 -1.961762791405128326e+00
1.156891972012189207e+01 -1.959919720121892084e+00
1.157057665515704414e+01 -1.958076655157043433e+00
1.157223359667780471e+01 -1.956233596677805053e+00
1.157389054485582314e+01 -1.954390544855822753e+00
1.157554749986728382e+01 -1.952547499867284486e+00
1.157720446189303942e+01 -1.950704461893039365e+00
1.157886143111872634e+01 -1.948861431118725562e+00
1.158051840773488728e+01 -1.947018407734887546e+00
1.158217539193711687e+01 -1.945175391937116416e+00
1.158383238392617720e+01 -1.943332383926177798e+00
1.158548938390814698e+01 -1.941489383908146849e+00
1.158714639209455477e+01 -1.939646392094553917e+00
1.158880340870252823e+01 -1.937803408702528429e+00
1.159046043395493975e+01 -1.935960433954939219e+00
1.159211746808055388e+01 -1.934117468080554403e+00
1.159377451131419789e+01 -1.932274511314197696e+00
1.159543156389690211e+01 -1.930431563896902958e+00
1.159708862607608104e+01 -1.928588626076081169e+00
1.159874569810568978e+01 -1.926745698105689186e+00
1.160040278024641047e+01 -1.924902780246410927e+00
1.160205987276581041e+01 -1.923059872765810141e+00
1.160371697593854812e+01 -1.921216975938548899e+00
1.160537409004653853e+01 -1.919374090046538583e+00
1.160703121537916260e+01 -1.917531215379161935e+00
1.160868835223345030e+01 -1.915688352233450686e+00
1.161034550091429907e+01 -1.913845500914298725e+00
1.161200266173466211e+01 -1.912002661734662823e+00
1.161365983501577936e+01 -1.910159835015779350e+00
1.161531702108738351e+01 -1.908317021087382770e+00
1.161697422028793447e+01 -1.906474220287934784e+00
1.161863143296484502e+01 -1.904631432964844606e+00
1.162028865947471523e+01 -1.902788659474715871e+00
1.162194590018358298e+01 -1.900945900183582893e+00
1.162360315546716549e+01 -1.899103155467164683e+00
1.162526042571111518e+01 -1.897260425711115417e+00
1.162691771131129670e+01 -1.895417711311296216e+00
1.162857501267403570e+01 -1.893575012674036273e+00
1.163023233021641012e+01 -1.891732330216409963e+00
1.163188966436652727e+01 -1.889889664366526389e+00
1.163354701556382231e+01 -1.888047015563822484e+00
1.163520438425934955e+01 -1.886204384259348998e+00
1.163686177091609331e+01 -1.884361770916093803e+00
1.163851917600928587e+01 -1.882519176009285644e+00
1.164017660002672905e+01 -1.880676600026729872e+00
1.164183404346912276e+01 -1.878834043469122861e+00
1.164349150685040968e+01 -1.876991506850409053e+00
1.164514899069812692e+01 -1.875148990698127349e+00
1.164680649555376135e+01 -1.873306495553761053e+00
1.164846402197312258e+01 -1.871464021973123337e+00
1.165012157052671427e+01 -1.869621570526714294e+00
1.165177914180013019e+01 -1.867779141800129494e+00
1.165343673639444688e+01 -1.865936736394447237e+00
1.165509435492664103e+01 -1.864094354926640662e+00
1.165675199802999451e+01 -1.862251998029995192e+00
1.165840966635454734e+01 -1.860409666354547298e+00
1.166006736056751869e+01 -1.858567360567517923e+00
1.166172508135376695e+01 -1.856725081353767237e+00
1.166338282941627114e+01 -1.854882829416270695e+00
1.166504060547658206e+01 -1.853040605476582670e+00
1.166669841027534105e+01 -1.851198410275340933e+00
1.166835624457275955e+01 -1.849356244572758712e+00
1.167001410914915382e+01 -1.847514109149154038e+00
1.167167200480547073e+01 -1.845672004805470223e+00
1.167332993236382421e+01 -1.843829932363824753e+00
1.167498789266806725e+01 -1.841987892668067062e+00
1.167664588658435498e+01 -1.840145886584354074e+00
1.167830391500174692e+01 -1.838303915001747058e+00
1.167996197883279130e+01 -1.836461978832790720e+00
1.168162007901416644e+01 -1.834620079014166905e+00
1.168327821650730414e+01 -1.832778216507303881e+00
1.168493639229905234e+01 -1.830936392299053139e+00
1.168659460740233058e+01 -1.829094607402330652e+00
1.168825286285683873e+01 -1.827252862856838078e+00
1.168991115972974981e+01 -1.825411159729750210e+00
1.169156949911644006e+01 -1.823569499116439729e+00
1.169322788214123143e+01 -1.821727882141232158e+00
1.169488630995815370e+01 -1.819886309958153703e+00
1.169654478375173667e+01 -1.818044783751735949e+00
1.169820330473780068e+01 -1.816203304737801005e+00
1.169986187416430035e+01 -1.814361874164299948e+00
1.170152049331215061e+01 -1.812520493312151260e+00
1.170317916349612020e+01 -1.810679163496120125e+00
1.170483788606570386e+01 -1.808837886065703060e+00
1.170649666240604603e+01 -1.806996662406046283e+00
1.170815549393888766e+01 -1.805155493938887190e+00
1.170981438212352010e+01 -1.803314382123520687e+00
1.171147332845778521e+01 -1.801473328457785072e+00
1.171313233447907898e+01 -1.799632334479079887e+00
1.171479140176541200e+01 -1.797791401765412189e+00
1.171645053193646291e+01 -1.795950531936462369e+00
1.171810972665468142e+01 -1.794109726654681936e+00
1.171976898762643238e+01 -1.792268987626432164e+00
1.172142831660312012e+01 -1.790428316603119185e+00
1.172308771538241245e+01 -1.788587715382412568e+00
1.172474718580942366e+01 -1.786747185809423044e+00
1.172640672977799703e+01 -1.784906729777997469e+00
1.172806634923196434e+01 -1.783066349231964054e+00
1.172972604616647807e+01 -1.781226046166478838e+00
1.173138582262934904e+01 -1.779385822629349079e+00
1.173304568072244791e+01 -1.777545680722447230e+00
1.173470562260311745e+01 -1.775705622603117817e+00
1.173636565048564151e+01 -1.773865650485641154e+00
1.173802576664273367e+01 -1.772025766642734368e+00
1.173968597340708619e+01 -1.770185973407086166e+00
1.174134627317294211e+01 -1.768346273172941352e+00
1.174300666839771345e+01 -1.766506668397713753e+00
1.174466716160365287e+01 -1.764667161603652445e+00
1.174632775537954643e+01 -1.762827755379547057e+00
1.174798845238247402e+01 -1.760988452382473923e+00
1.174964925533959992e+01 -1.759149255339599094e+00
1.175131016705001663e+01 -1.757310167050016858e+00
1.175297119038664384e+01 -1.755471190386643343e+00
1.175463232829815396e+01 -1.753632328298154519e+00
1.175629358381097767e+01 -1.751793583810977495e+00
1.175795496003133955e+01 -1.749954960031340434e+00
1.175961646014736139e+01 -1.748116460147361551e+00
1.176127808743120440e+01 -1.746278087431203829e+00
1.176293984524128078e+01 -1.744439845241281262e+00
1.176460173702453282e+01 -1.742601737024532582e+00
1.176626376631872795e+01 -1.740763766318726979e+00
1.176792593675487808e+01 -1.738925936754878165e+00
1.176958825205965731e+01 -1.737088252059656668e+00
1.177125071605793316e+01 -1.735250716057933573e+00
1.177291333267532991e+01 -1.733413332675329599e+00
1.177457610594088599e+01 -1.731576105940886734e+00
1.177623903998974697e+01 -1.729739039989746985e+00
1.177790213906597394e+01 -1.727902139065973230e+00
1.177956540752536974e+01 -1.726065407525370077e+00
1.178122884983843832e+01 -1.724228849838437938e+00
1.178289247059336553e+01 -1.722392470593366198e+00
1.178455627449912058e+01 -1.720556274499120519e+00
1.178622026638860909e+01 -1.718720266388608309e+00
1.178788445122192208e+01 -1.716884451221922347e+00
1.178954883408967547e+01 -1.715048834089675012e+00
1.179121342021641006e+01 -1.713213420216410654e+00
1.179287821496411581e+01 -1.711378214964115685e+00
1.179454322383580767e+01 -1.709543223835806813e+00
1.179620845247923455e+01 -1.707708452479234751e+00
1.179787390669065061e+01 -1.705873906690650088e+00
1.179953959241870542e+01 -1.704039592418705951e+00
1.180120551576842836e+01 -1.702205515768428157e+00
1.180287168300530176e+01 -1.700371683005302614e+00
1.180453810055947450e+01 -1.698538100559474628e+00
1.180620477503004295e+01 -1.696704775030042356e+00
1.180787171318947237e+01 -1.694871713189472828e+00
1.180953892198811950e+01 -1.693038921988119228e+00
1.181120640855887238e+01 -1.691206408558871388e+00
1.181287418022191815e+01 -1.689374180221918209e+00
1.181454224448961199e+01 -1.687542244489611321e+00
1.181621060907150955e+01 -1.685710609071509936e+00
1.181787928187948111e+01 -1.683879281879480772e+00
1.181954827103300154e+01 -1.682048271033002251e+00
1.182121758486454155e+01 -1.680217584864541536e+00
1.182288723192512414e+01 -1.678387231925123402e+00
1.182455722099000361e+01 -1.676557220990003927e+00
1.182622756106449913e+01 -1.674727561064498715e+00
1.182789826138998102e+01 -1.672898261389981656e+00
1.182956933145000278e+01 -1.671069331450002693e+00
1.183124078097658760e+01 -1.669240780976588567e+00
1.183291261995669608e+01 -1.667412619956696318e+00
1.183458485863882537e+01 -1.665584858638824883e+00
1.183625750753980732e+01 -1.663757507539807889e+00
1.183793057745177002e+01 -1.661930577451769864e+00
1.183960407944926452e+01 -1.660104079449263637e+00
1.184127802489658343e+01 -1.658278024896583602e+00
1.184295242545528204e+01 -1.656452425455281485e+00
1.184462729309185036e+01 -1.654627293091850859e+00
1.184630264008561795e+01 -1.652802640085617725e+00
1.184797847903683987e+01 -1.650978479036840696e+00
1.184965482287499583e+01 -1.649154822874995929e+00
1.185133168486728295e+01 -1.647331684867282320e+00
1.185300907862735542e+01 -1.645509078627355848e+00
1.185468701812424364e+01 -1.643687018124243338e+00
1.185636551769153968e+01 -1.641865517691538656e+00
1.185804459203677830e+01 -1.640044592036778326e+00
1.185972425625108073e+01 -1.638224256251080035e+00
1.186140452581902238e+01 -1.636404525819022737e+00
1.186308541662876515e+01 -1.634585416628764776e+00
1.186476694498242601e+01 -1.632766944982426693e+00
1.186644912760671566e+01 -1.630949127606715621e+00
1.186813198166385241e+01 -1.629131981663851647e+00
1.186981552476271773e+01 -1.627315524762718013e+00
1.187149977497033504e+01 -1.625499774970334599e+00
1.187318475082358660e+01 -1.623684750823587208e+00
1.187487047134126605e+01 -1.621870471341265940e+00
1.187655695603639217e+01 -1.620056956036393103e+00
1.187824422492885645e+01 -1.618244224928856667e+00
1.187993229855837107e+01 -1.616432298558370562e+00
1.188162119799773286e+01 -1.614621197997733404e+00
1.188331094486643735e+01 -1.612810944866437168e+00
1.188500156134458940e+01 -1.611001561344588495e+00
1.188669307018719756e+01 -1.609193070187197705e+00
1.188838549473879524e+01 -1.607385494738794662e+00
1.189007885894842431e+01 -1.605578858948424781e+00
1.189177318738498990e+01 -1.603773187384989640e+00
1.189346850525298827e+01 -1.601968505252989061e+00
1.189516483840862016e+01 -1.600164838408620227e+00
1.189686221337628780e+01 -1.598362213376287144e+00
1.189856065736551116e+01 -1.596560657365511560e+00
1.190026019828822967e+01 -1.594760198288229347e+00
1.190196086477655157e+01 -1.592960864776552299e+00
1.190366268620089585e+01 -1.591162686200895848e+00
1.190536569268861555e+01 -1.589365692688614828e+00
1.190706991514302260e+01 -1.587569915143022925e+00
1.190877538526291168e+01 -1.585775385262911286e+00
1.191048213556250701e+01 -1.583982135562507665e+00
1.191219019939194013e+01 -1.582190199391940055e+00
1.191389961095815231e+01 -1.580399610958151513e+00
1.191561040534634763e+01 -1.578610405346347889e+00
1.191732261854192565e+01 -1.576822618541925181e+00
1.191903628745293453e+01 -1.575036287452935113e+00
1.192075144993306601e+01 -1.573251449933065871e+00
1.192246814480516903e+01 -1.571468144805169942e+00
1.192418641188534423e+01 -1.569686411885344413e+00
1.192590629200756958e+01 -1.567906292007569036e+00
1.192762782704891578e+01 -1.566127827048916288e+00
1.192935105995535672e+01 -1.564351059955356504e+00
1.193107603476815015e+01 -1.562576034768149214e+00
1.193280279665085075e+01 -1.560802796650850865e+00
1.193453139191693069e+01 -1.559031391916930076e+00
1.193626186805804146e+01 -1.557261868058041898e+00
1.193799427377290812e+01 -1.555494273772907832e+00
1.193972865899689673e+01 -1.553728658996897494e+00
1.194146507493223908e+01 -1.551965074932239119e+00
1.194320357407893241e+01 -1.550203574078931723e+00
1.194494421026636566e+01 -1.548444210266366028e+00
1.194668703868560300e+01 -1.546687038685602644e+00
1.194843211592244181e+01 -1.544932115922442506e+00
1.195017949999114748e+01 -1.543179499991147452e+00
1.195192925036898757e+01 -1.541429250368986814e+00
1.195368142803147649e+01 -1.539681428031476784e+00
1.195543609548842667e+01 -1.537936095488426247e+00
1.195719331682075648e+01 -1.536193316820757104e+00
1.195895315771812406e+01 -1.534453157718123961e+00
1.196071568551733577e+01 -1.532715685517334947e+00
1.196248096924160542e+01 -1.530980969241605649e+00
1.196424907964064310e+01 -1.529249079640642606e+00
1.196602008923157712e+01 -1.527520089231577671e+00
1.196779407234076054e+01 -1.525794072340760366e+00
1.196957110514642508e+01 -1.524071105146425964e+00
1.197135126572225161e+01 -1.522351265722251767e+00
1.197313463408180567e+01 -1.520634634081805103e+00
1.197492129222390744e+01 -1.518921292223907926e+00
1.197671132417892537e+01 -1.517211324178925125e+00
1.197850481605598283e+01 -1.515504816055981863e+00
1.198030185609114007e+01 -1.513801856091140152e+00
1.198210253469650510e+01 -1.512102534696504463e+00
1.198390694451033589e+01 -1.510406944510336302e+00
1.198571518044811057e+01 -1.508715180448110260e+00
1.198752733975459073e+01 -1.507027339754591466e+00
1.198934352205689180e+01 -1.505343522056891814e+00
1.199116382941853942e+01 -1.503663829418538711e+00
1.199298836639457910e+01 -1.501988366394579444e+00
1.199481724008768602e+01 -1.500317240087685633e+00
1.199665056020532106e+01 -1.498650560205321725e+00
1.199848843911792962e+01 -1.496988439117929559e+00
1.200033099191819375e+01 -1.495330991918192964e+00
1.200217833648132526e+01 -1.493678336481325530e+00
1.200403059352644597e+01 -1.492030593526445514e+00
1.200588788667900886e+01 -1.490387886679009455e+00
1.200775034253430817e+01 -1.488750342534308047e+00
1.200961809072205178e+01 -1.487118090722050923e+00
1.201149126397200995e+01 -1.485491263972010145e+00
1.201336999818076023e+01 -1.483869998180759708e+00
1.201525443247946434e+01 -1.482254432479464867e+00
1.201714470930277301e+01 -1.480644709302772810e+00
1.201904097445876474e+01 -1.479040974458765589e+00
1.202094337719997341e+01 -1.477443377199973540e+00
1.202285207029546932e+01 -1.475852070295468721e+00
1.202476721010400418e+01 -1.474267210104004633e+00
1.202668895664820958e+01 -1.472688956648209313e+00
1.202861747368981860e+01 -1.471117473689817601e+00
1.203055292880594251e+01 -1.469552928805942571e+00
1.203249549346632818e+01 -1.467995493466327517e+00
1.203444534311165981e+01 -1.466445343111660193e+00
1.203640265723279512e+01 -1.464902657232794780e+00
1.203836761945101230e+01 -1.463367619451013013e+00
1.204034041759917173e+01 -1.461840417599171715e+00
1.204232124380379787e+01 -1.460321243803797131e+00
1.204431029456807956e+01 -1.458810294568079868e+00
1.204630777085571403e+01 -1.457307770855713613e+00
1.204831387817557875e+01 -1.455813878175579390e+00
1.205032882666723992e+01 -1.454328826667239838e+00
1.205235283118718748e+01 -1.452852831187186666e+00
1.205438611139581973e+01 -1.451386111395819967e+00
1.205642889184510302e+01 -1.449928891845102541e+00
1.205848140206685670e+01 -1.448481402066857271e+00
1.206054387666165439e+01 -1.447043876661654238e+00
1.206261655538822986e+01 -1.445616555388228974e+00
1.206469968325337305e+01 -1.444199683253373223e+00
1.206679351060225791e+01 -1.442793510602257356e+00
1.206889829320909691e+01 -1.441398293209097403e+00
1.207101429236811008e+01 -1.440014292368109849e+00
1.207314177498467878e+01 -1.438641774984679600e+00
1.207528101366666995e+01 -1.437281013666670049e+00
1.207743228681578351e+01 -1.435932286815782888e+00
1.207959587871888374e+01 -1.434595878718884165e+00
1.208177207963922228e+01 -1.433272079639221985e+00
1.208396118590741608e+01 -1.431961185907415057e+00
1.208616350001213036e+01 -1.430663500012130385e+00
1.208837933069032466e+01 -1.429379330690323968e+00
1.209060899301697489e+01 -1.428108993016975248e+00
1.209285280849412025e+01 -1.426852808494119884e+00
1.209511110513916421e+01 -1.425611105139164891e+00
1.209738421757224636e+01 -1.424384217572246314e+00
1.209967248710258225e+01 -1.423172487102581485e+00
1.210197626181361841e+01 -1.421976261813618692e+00
1.210429589664687455e+01 -1.420795896646874112e+00
1.210663175348427067e+01 -1.419631753484271286e+00
1.210898420122884644e+01 -1.418484201228846331e+00
1.211135361588364212e+01 -1.417353615883643059e+00
1.211374038062861835e+01 -1.416240380628618567e+00
1.211614488589537508e+01 -1.415144885895374571e+00
1.211856752943956117e+01 -1.414067529439561710e+00
1.212100871641070299e+01 -1.413008716410702803e+00
1.212346885941927965e+01 -1.411968859419278743e+00
1.212594837860086017e+01 -1.410948378600860309e+00
1.212844770167704134e+01 -1.409947701677040754e+00
1.213096726401298220e+01 -1.408967264012982668e+00
1.213350750867132355e+01 -1.408007508671323293e+00
1.213606888646219772e+01 -1.407068886462198520e+00
1.213865185598915453e+01 -1.406151855989154598e+00
1.214125688369067646e+01 -1.405256883690675807e+00
1.214388444387707899e+01 -1.404384443877079391e+00
1.214653501876250630e+01 -1.403535018762505970e+00
1.214920909849171515e+01 -1.402709098491715878e+00
1.215190718116143032e+01 -1.401907181161430316e+00
1.215462977283591250e+01 -1.401129772835911780e+00
1.215737738755649922e+01 -1.400377387556499542e+00
1.216015054734476486e+01 -1.399650547344764462e+00
1.216294978219903733e+01 -1.398949782199037983e+00
1.216577563008391394e+01 -1.398275630083913867e+00
1.216862863691248364e+01 -1.397628636912482847e+00
1.217150935652091448e+01 -1.397009356520914736e+00
1.217441835063508648e+01 -1.396418350635086014e+00
1.217735618882890236e+01 -1.395856188828902944e+00
1.218032344847399884e+01 -1.395323448473998695e+00
1.218332071468041455e+01 -1.394820714680415463e+00
1.218634858022799072e+01 -1.394348580227990908e+00
1.218940764548802669e+01 -1.393907645488026148e+00
1.219249851833494169e+01 -1.393498518334942204e+00
1.219562181404753964e+01 -1.393121814047539431e+00
1.219877815519950914e+01 -1.392778155199508205e+00
1.220196817153884616e+01 -1.392468171538846278e+00
1.220519249985583521e+01 -1.392192499855834598e+00
1.220845178383919283e+01 -1.391951783839193268e+00
1.221174667392011237e+01 -1.391746673920112087e+00
1.221507782710377121e+01 -1.391577827103771980e+00
1.221844590678804110e+01 -1.391445906788041142e+00
1.222185158256900905e+01 -1.391351582569008372e+00
1.222529553003302993e+01 -1.391295530033030303e+00
1.222877843053496427e+01 -1.391278430534963917e+00
1.223230097096229585e+01 -1.391300970962296546e+00
1.223586384348485723e+01 -1.391363843484857199e+00
1.223946774528984349e+01 -1.391467745289842739e+00
1.224311337830187618e+01 -1.391613378301876480e+00
1.224680144888785271e+01 -1.391801448887852288e+00
1.225053266754632197e+01 -1.392032667546322600e+00
1.225430774858121197e+01 -1.392307748581211868e+00
1.225812740975966264e+01 -1.392627409759661816e+00
1.226199237195381997e+01 -1.392992371953820196e+00
1.226590335876643323e+01 -1.393403358766432731e+00
1.226986109614008491e+01 -1.393861096140085465e+00
1.227386631195004263e+01 -1.394366311950042459e+00
1.227791973558053584e+01 -1.394919735580536724e+00
1.228202209748453733e+01 -1.395522097484537483e+00
1.228617412872694281e+01 -1.396174128726942243e+00
1.229037656051121985e+01 -1.396876560511220333e+00
1.229463012368959163e+01 -1.397630123689591386e+00
1.229893554825679480e+01 -1.398435548256793837e+00
1.230329356282761744e+01 -1.399293562827617521e+00
1.230770489409835200e+01 -1.400204894098351360e+00
1.231217026629235356e+01 -1.401170266292353972e+00
1.231669040059006193e+01 -1.402190400590061614e+00
1.232126601454365300e+01 -1.403266014543653739e+00
1.232589782147682733e+01 -1.404397821476827346e+00
1.233058652986999704e+01 -1.405586529869996326e+00
1.233533284273142705e+01 -1.406832842731427391e+00
1.234013745695478015e+01 -1.408137456954779765e+00
1.234500106266363240e+01 -1.409501062663633064e+00
1.234992434254356652e+01 -1.410924342543566468e+00
1.235490797116251116e+01 -1.412407971162510378e+00
1.235995261428002046e+01 -1.413952614280020725e+00
1.236505892814630059e+01 -1.415558928146300133e+00
1.237022755879176117e+01 -1.417227558791761766e+00
1.237545914130801350e+01 -1.418959141308013372e+00
1.238075429912122161e+01 -1.420754299121220754e+00
1.238611364325881148e+01 -1.422613643258811678e+00
1.239153777161059722e+01 -1.424537771610596693e+00
1.239702726818535794e+01 -1.426527268185358466e+00
1.240258270236412486e+01 -1.428582702364124657e+00
1.240820462815126035e+01 -1.430704628151261204e+00
1.241389358342468796e+01 -1.432893583424688089e+00
1.241965008918647939e+01 -1.435150089186478795e+00
1.242547464881523034e+01 -1.437474648815230793e+00
1.243136774732156979e+01 -1.439867747321569524e+00
1.243732985060821683e+01 -1.442329850608215835e+00
1.244336140473611252e+01 -1.444861404736112576e+00
1.244946283519810848e+01 -1.447462835198107811e+00
1.245563454620170418e+01 -1.450134546201704566e+00
1.246187691996250990e+01 -1.452876919962509561e+00
1.246819031600989902e+01 -1.455690316009899732e+00
1.247457507050659231e+01 -1.458575070506592297e+00
1.248103149558368230e+01 -1.461531495583681561e+00
1.248755987869284745e+01 -1.464559878692847761e+00
1.249416048197734419e+01 -1.467660481977343778e+00
1.250083354166343064e+01 -1.470833541663429500e+00
1.250757926747390059e+01 -1.474079267473900501e+00
1.251439784206535499e+01 -1.477397842065355960e+00
1.252128942049082205e+01 -1.480789420490822295e+00
1.252825412968934415e+01 -1.484254129689343671e+00
1.253529206800412155e+01 -1.487792068004122115e+00
1.254240330473076348e+01 -1.491403304730763324e+00
1.254958787969711587e+01 -1.495087879697114985e+00
1.255684580287619667e+01 -1.498845802876196842e+00
1.256417705403362817e+01 -1.502677054033627613e+00
1.257158158241089474e+01 -1.506581582410895237e+00
1.257905930644582249e+01 -1.510559306445822259e+00
1.258661011353138370e+01 -1.514610113531384528e+00
1.259423385981413901e+01 -1.518733859814139109e+00
1.260193037003324967e+01 -1.522930370033249048e+00
1.260969943740118460e+01 -1.527199437401185023e+00
1.261754082352697104e+01 -1.531540823526970740e+00
1.262545425838279556e+01 -1.535954258382794535e+00
1.263343944031470478e+01 -1.540439440314704811e+00
1.264149603609804906e+01 -1.544996036098048364e+00
1.264962368103805979e+01 -1.549623681038060141e+00
1.265782197911613949e+01 -1.554321979116139119e+00
1.266609050318194640e+01 -1.559090503181947085e+00
1.267442879519164656e+01 -1.563928795191646515e+00
1.268283636649219304e+01 -1.568836366492192269e+00
1.269131269815170882e+01 -1.573812698151709100e+00
1.269985724133571203e+01 -1.578857241335711592e+00
1.270846941772884620e+01 -1.583969417728846807e+00
1.271714862000175295e+01 -1.589148620001752832e+00
1.272589421232243367e+01 -1.594394212322434612e+00
1.273470553091150848e+01 -1.599705530911508689e+00
1.274358188464047714e+01 -1.605081884640476630e+00
1.275252255567211002e+01 -1.610522555672110556e+00
1.276152680014193663e+01 -1.616026800141936448e+00
1.277059384887960469e+01 -1.621593848879603783e+00
1.277972290816890855e+01 -1.627222908168908688e+00
1.278891316054511051e+01 -1.632913160545109932e+00
1.279816376562797231e+01 -1.638663765627972779e+00
1.280747386098909324e+01 -1.644473860989092984e+00
1.281684256305167580e+01 -1.650342563051676592e+00
1.282626896802115901e+01 -1.656268968021159083e+00
1.283575215284469451e+01 -1.662252152844693853e+00
1.284529117619767646e+01 -1.668291176197676862e+00
1.285488507949529691e+01 -1.674385079495296580e+00
1.286453288792701066e+01 -1.680532887927009611e+00
1.287423361151190626e+01 -1.686733611511906261e+00
1.288398624617276411e+01 -1.692986246172765163e+00
1.289378977482662414e+01 -1.699289774826624466e+00
1.290364316848959625e+01 -1.705643168489595851e+00
1.291354538739373403e+01 -1.712045387393734686e+00
1.292349538211366422e+01 -1.718495382113664149e+00
1.293349209470062711e+01 -1.724992094700626311e+00
1.294353445982176964e+01 -1.731534459821769900e+00
1.295362140590231625e+01 -1.738121405902315786e+00
1.296375185626838267e+01 -1.744751856268383250e+00
1.297392473028821769e+01 -1.751424730288217546e+00
1.298413894450960981e+01 -1.758138944509610724e+00
1.299439341379132706e+01 -1.764893413791327248e+00
1.300468705242641931e+01 -1.771687052426418774e+00
1.301501877525530659e+01 -1.778518775255307105e+00
1.302538749876666202e+01 -1.785387498766661807e+00
1.303579214218400040e+01 -1.792292142183999459e+00
1.304623162853621743e+01 -1.799231628536217542e+00
1.305670488571015930e+01 -1.806204885710158692e+00
1.306721084748342498e+01 -1.813210847483425425e+00
1.307774845453586465e+01 -1.820248454535864369e+00
1.308831665543799794e+01 -1.827316655437998705e+00
1.309891440761503922e+01 -1.834414407615039266e+00
1.310954067828493486e+01 -1.841540678284934174e+00
1.312019444536923274e+01 -1.848694445369233108e+00
1.313087469837550358e+01 -1.855874698375503229e+00
1.314158043925014496e+01 -1.863080439250143883e+00
1.315231068320063201e+01 -1.870310683200631985e+00
1.316306445948622184e+01 -1.877564459486222859e+00
1.317384081217630865e+01 -1.884840812176308944e+00
1.318463880087566054e+01 -1.892138800875660110e+00
1.319545750141599960e+01 -1.899457501416000227e+00
1.320629600651330726e+01 -1.906796006513307162e+00
1.321715342639044621e+01 -1.914153426390445389e+00
1.322802888936481125e+01 -1.921528889364811477e+00
1.323892154240071584e+01 -1.928921542400715339e+00
1.324983055162636347e+01 -1.936330551626364027e+00
1.326075510281541092e+01 -1.943755102815410751e+00
1.327169440183305582e+01 -1.951194401833056702e+00
1.328264767504687249e+01 -1.958647675046872649e+00
1.329361416970248833e+01 -1.966114169702487757e+00
1.330459315426443112e+01 -1.973593154264431604e+00
1.331558391872251690e+01 -1.981083918722516657e+00
1.332658577486410678e+01 -1.988585774864105815e+00
1.333759805651281560e+01 -1.996098056512815688e+00
1.334862011973419449e+01 -2.003620119734193850e+00
1.335965134300891144e+01 -2.011151343008911851e+00
1.337069112737425414e+01 -2.018691127374253824e+00
1.338173889653449322e+01 -2.026238896534493961e+00
1.339279409694102441e+01 -2.033794096941024421e+00
1.340385619784295201e+01 -2.041356197842951303e+00
1.341492469130907317e+01 -2.048924691309073509e+00
1.342599909222209043e+01 -2.056499092222090042e+00
1.343707893824591437e+01 -2.064078938245913264e+00
1.344816378976709181e+01 -2.071663789767091757e+00
1.345925322981124417e+01 -2.079253229811245163e+00
1.347034686393552860e+01 -2.086846863935528873e+00
1.348144432009805271e+01 -2.094444320098052259e+00
1.349254524850537429e+01 -2.102045248505374886e+00
1.350364932143898500e+01 -2.109649321438984870e+00
1.351475623306181717e+01 -2.117256233061816317e+00
1.352586569920586435e+01 -2.124865699205864544e+00
1.353697745714188194e+01 -2.132477457141881416e+00
1.354809126533215746e+01 -2.140091265332157988e+00
1.355920690316748356e+01 -2.147706903167483361e+00
1.357032417068917063e+01 -2.155324170689171481e+00
1.358144288829727664e+01 -2.162942888297276767e+00
1.359256289644587490e+01 -2.170562896445874301e+00
1.360368405532642200e+01 -2.178184055326422452e+00
1.361480624454018340e+01 -2.185806244540183130e+00
1.362592936276055511e+01 -2.193429362760554113e+00
1.363705332738629394e+01 -2.201053327386294001e+00
1.364817807418653572e+01 -2.208678074186535056e+00
1.365930355693835985e+01 -2.216303556938360231e+00
1.367042974705793057e+01 -2.223929747057930228e+00
1.368155663322582249e+01 -2.231556633225823205e+00
1.369268422100754989e+01 -2.239184221007549880e+00
1.370381253246982745e+01 -2.246812532469826706e+00
1.371494160579351984e+01 -2.254441605793520154e+00
1.372607149488387357e+01 -2.262071494883873157e+00
1.373720226897869523e+01 -2.269702268978694093e+00
1.374833401225523843e+01 -2.277334012255238349e+00
1.375946682343634997e+01 -2.284966823436350936e+00
1.377060081539648806e+01 -2.292600815396488301e+00
1.378173611476817939e+01 -2.300236114768178908e+00
1.379287286154949754e+01 -2.307872861549498111e+00
1.380401120871306020e+01 -2.315511208713060043e+00
1.381515132181698391e+01 -2.323151321816983028e+00
1.382629337861833818e+01 -2.330793378618338352e+00
1.383743756868950570e+01 -2.338437568689505142e+00
1.384858409303778792e+01 -2.346084093037788421e+00
1.385973316372878728e+01 -2.353733163728787048e+00
1.387088500351373099e+01 -2.361385003513731817e+00
1.388203984546128034e+01 -2.369039845461280436e+00
1.389319793259391389e+01 -2.376697932593913265e+00
1.390435951752935573e+01 -2.384359517529356154e+00
1.391552486212721895e+01 -2.392024862127218654e+00
1.392669423714106713e+01 -2.399694237141066111e+00
1.393786792187621515e+01 -2.407367921876215178e+00
1.394904620385340976e+01 -2.415046203853409068e+00
1.396022937847850010e+01 -2.422729378478500450e+00
1.397141774871842834e+01 -2.430417748718427973e+00
1.398261162478346264e+01 -2.438111624783463327e+00
1.399381132381600956e+01 -2.445811323816009519e+00
1.400501716958590848e+01 -2.453517169585907709e+00
1.401622949219245839e+01 -2.461229492192458679e+00
1.402744862777318069e+01 -2.468948627773180249e+00
1.403867491821931601e+01 -2.476674918219316623e+00
1.404990871089825610e+01 -2.484408710898255990e+00
1.406115035838274174e+01 -2.492150358382742681e+00
1.407240021818705245e+01 -2.499900218187052658e+00
1.408365865250999427e+01 -2.507658652509993757e+00
1.409492602798484562e+01 -2.515426027984846158e+00
1.410620271543615090e+01 -2.523202715436150712e+00
1.411748908964334248e+01 -2.530989089643341572e+00
1.412878552911119456e+01 -2.538785529111194705e+00
1.414009241584707155e+01 -2.546592415847070967e+00
1.415141013514480939e+01 -2.554410135144809857e+00
1.416273907537536481e+01 -2.562239075375364550e+00
1.417407962778394115e+01 -2.570079627783941945e+00
1.418543218629374891e+01 -2.577932186293748984e+00
1.419679714731608833e+01 -2.585797147316087674e+00
1.420817490956688012e+01 -2.593674909566880515e+00
1.421956587388944548e+01 -2.601565873889445157e+00
1.423097044308340742e+01 -2.609470443083406366e+00
1.424238902173972399e+01 -2.617389021739723987e+00
1.425382201608171151e+01 -2.625322016081712562e+00
1.426526983381188884e+01 -2.633269833811889171e+00
1.427673288396460549e+01 -2.641232883964605094e+00
1.428821157676435227e+01 -2.649211576764352927e+00
1.429970632348962489e+01 -2.657206323489624822e+00
1.431121753634215921e+01 -2.665217536342158411e+00
1.432274562832155596e+01 -2.673245628321556211e+00
1.433429101310508713e+01 -2.681291013105086662e+00
1.434585410493256852e+01 -2.689354104932569101e+00
1.435743531849624333e+01 -2.697435318496243184e+00
1.436903506883547266e+01 -2.705535068835473567e+00
1.438065377123622923e+01 -2.713653771236229417e+00
1.439229184113512439e+01 -2.721791841135123846e+00
1.440394969402801095e+01 -2.729949694028011464e+00
1.441562774538294178e+01 -2.738127745382941569e+00
1.442732641055738263e+01 -2.746326410557381692e+00
1.443904610471959593e+01 -2.754546104719596045e+00
1.445078724277408178e+01 -2.762787242774081164e+00
1.446255023929087535e+01 -2.771050239290875794e+00
1.447433550843875771e+01 -2.779335508438757429e+00
1.448614346392204943e+01 -2.787643463922050202e+00
1.449797451892112043e+01 -2.795974518921120477e+00
1.450982908603626420e+01 -2.804329086036263519e+00
1.452170757723501993e+01 -2.812707577235020295e+00
1.453361040380277380e+01 -2.821110403802773448e+00
1.454553797629645295e+01 -2.829537976296451873e+00
1.455749070450134752e+01 -2.837990704501347494e+00
1.456946899739089929e+01 -2.846468997390900313e+00
1.458147326308931824e+01 -2.854973263089318536e+00
1.459350390883697202e+01 -2.863503908836971590e+00
1.460556134095848613e+01 -2.872061340958486753e+00
1.461764596483341805e+01 -2.880645964833417949e+00
1.462975818486937207e+01 -2.889258184869371249e+00
1.464189840447758684e+01 -2.897898404477587064e+00
1.465406702605081257e+01 -2.906567026050812075e+00
1.466626445094339104e+01 -2.915264450943391594e+00
1.467849107945354348e+01 -2.923991079453543307e+00
1.469074731080766405e+01 -2.932747310807664931e+00
1.470303354314666855e+01 -2.941533543146668706e+00
1.471535017351419938e+01 -2.950350173514198815e+00
1.472769759784668864e+01 -2.959197597846689121e+00
1.474007621096523124e+01 -2.968076210965230999e+00
1.475248640656906929e+01 -2.976986406569068322e+00
1.476492857723076391e+01 -2.985928577230763992e+00
1.477740311439294274e+01 -2.994903114392942101e+00
1.478991040836645432e+01 -3.003910408366454732e+00
1.480245084833007141e+01 -3.012950848330071096e+00
1.481502482233144313e+01 -3.022024822331443872e+00
1.482763271728948595e+01 -3.031132717289485967e+00
1.484027491899790085e+01 -3.040274918997900144e+00
1.485295181212997839e+01 -3.049451812129978734e+00
1.486566378024452817e+01 -3.058663780244527786e+00
1.487841120579285281e+01 -3.067911205792851703e+00
1.489119447012681619e+01 -3.077194470126816128e+00
1.490401395350789038e+01 -3.086513953507891372e+00
1.491687003511712817e+01 -3.095870035117128438e+00
1.492976309306602545e+01 -3.105263093066024993e+00
1.494269350440825939e+01 -3.114693504408259983e+00
1.495566164515225971e+01 -3.124161645152259581e+00
1.496866789027446387e+01 -3.133667890274463019e+00
1.498171261373338226e+01 -3.143212613733382454e+00
1.499479618848432239e+01 -3.152796188484321860e+00
1.500791898649474376e+01 -3.162418986494744289e+00
1.502108137876027349e+01 -3.172081378760273296e+00
1.503428373532124596e+01 -3.181783735321246809e+00
1.504752642527985884e+01 -3.191526425279858969e+00
1.506080981681776265e+01 -3.201309816817762055e+00
1.507413427721420440e+01 -3.211134277214204857e+00
1.508750017286460832e+01 -3.221000172864608047e+00
1.510090786929953666e+01 -3.230907869299535662e+00
1.511435773120410531e+01 -3.240857731204105363e+00
1.512785012243775995e+01 -3.250850122437759282e+00
1.514138540605435246e+01 -3.260885406054352842e+00
1.515496394432261518e+01 -3.270963944322614836e+00
1.516858609874683950e+01 -3.281086098746840207e+00
1.518225223008793456e+01 -3.291252230087934549e+00
1.519596269838464053e+01 -3.301462698384639793e+00
1.520971786297502781e+01 -3.311717862975028126e+00
1.522351808251823790e+01 -3.322018082518237492e+00
1.523736371501631659e+01 -3.332363715016315453e+00
1.525125511783632959e+01 -3.342755117836329504e+00
1.526519264773258300e+01 -3.353192647732583964e+00
1.527917666086900361e+01 -3.363676660869003854e+00
1.529320751284159918e+01 -3.374207512841598700e+00
1.530728555870109275e+01 -3.384785558701093322e+00
1.532141115297564049e+01 -3.395411152975640334e+00
1.533558464969357615e+01 -3.406084649693575273e+00
1.534980640240627991e+01 -3.416806402406280085e+00
1.536407676421110402e+01 -3.427576764211103466e+00
1.537839608777429135e+01 -3.438396087774291843e+00
1.539276472535398810e+01 -3.449264725353987870e+00
1.540718302882321922e+01 -3.460183028823220042e+00
1.542165134969294016e+01 -3.471151349692940258e+00
1.543617003913501939e+01 -3.482170039135018769e+00
1.545073944800526178e+01 -3.493239448005262204e+00
1.546535992686641947e+01 -3.504359926866419173e+00
1.548003182601112115e+01 -3.515531826011120131e+00
1.549475549548482434e+01 -3.526755495484824365e+00
1.550953128510873569e+01 -3.538031285108734991e+00
1.552435954450258393e+01 -3.549359544502584285e+00
1.553924062310750642e+01 -3.560740623107506053e+00
1.555417487020867995e+01 -3.572174870208680630e+00
1.556916263495807229e+01 -3.583662634958072246e+00
1.558420426639695933e+01 -3.595204266396958559e+00
1.559930011347848122e+01 -3.606800113478481506e+00
1.561445052509007070e+01 -3.618450525090070258e+00
1.562965585007577118e+01 -3.630155850075770019e+00
1.564491643725851233e+01 -3.641916437258512218e+00
1.566023263546225763e+01 -3.653732635462258571e+00
1.567560479353407743e+01 -3.665604793534077643e+00
1.569103326036606205e+01 -3.677533260366061540e+00
1.570651838491721008e+01 -3.689518384917210625e+00
1.572206051623517453e+01 -3.701560516235174347e+00
1.573766000347785265e+01 -3.713660003477851745e+00
1.575331719593492252e+01 -3.725817195934922665e+00
1.576903244304926588e+01 -3.738032443049265297e+00
1.578480609443820271e+01 -3.750306094438203175e+00
1.580063849991469738e+01 -3.762638499914697121e+00
1.581653000950835164e+01 -3.775030009508352435e+00
1.583248097348636918e+01 -3.787480973486369251e+00
1.584849174237430347e+01 -3.799991742374302817e+00
1.586456266697674522e+01 -3.812562666976745618e+00
1.588069409839788193e+01 -3.825194098397881604e+00
1.589688638806185494e+01 -3.837886388061853893e+00
1.591313988773307386e+01 -3.850639887733073863e+00
1.592945494953639951e+01 -3.863454949536398786e+00
1.594583192597710308e+01 -3.876331925977103410e+00
1.596227116996082529e+01 -3.889271169960824892e+00
1.597877303481328326e+01 -3.902273034813283914e+00
1.599533787429996323e+01 -3.915337874299963161e+00
1.601196604264557877e+01 -3.928466042645577971e+00
1.602865789455345791e+01 -3.941657894553458164e+00
1.604541378522482020e+01 -3.954913785224819733e+00
1.606223407037784057e+01 -3.968234070377841149e+00
1.607911910626669183e+01 -3.981619106266691688e+00
1.609606924970034569e+01 -3.995069249700346603e+00
1.611308485806136659e+01 -4.008584858061366774e+00
1.613016628932445684e+01 -4.022166289324456301e+00
1.614731390207496631e+01 -4.035813902074966819e+00
1.616452805552725636e+01 -4.049528055527256143e+00
1.618180910954288620e+01 -4.063309109542885267e+00
1.619915742464873532e+01 -4.077157424648735429e+00
1.621657336205501920e+01 -4.091073362055018592e+00
1.623405728367306722e+01 -4.105057283673067658e+00
1.625160955213313940e+01 -4.119109552133139118e+00
1.626923053080198400e+01 -4.133230530801984770e+00
1.628692058380037366e+01 -4.147420583800373706e+00
1.630468007602045688e+01 -4.161680076020456198e+00
1.632250937314302774e+01 -4.176009373143028114e+00
1.634040884165470686e+01 -4.190408841654706507e+00
1.635837884886491267e+01 -4.204878848864911589e+00
1.637641976292282209e+01 -4.219419762922822059e+00
1.639453195283418907e+01 -4.234031952834190093e+00
1.641271578847802814e+01 -4.248715788478028443e+00
1.643097164062318782e+01 -4.263471640623187398e+00
1.644929988094484230e+01 -4.278299880944842926e+00
1.646770088204091920e+01 -4.293200882040919097e+00
1.648617501744828928e+01 -4.308175017448288457e+00
1.650472266165898461e+01 -4.323222661658984833e+00
1.652334419013628519e+01 -4.338344190136284695e+00
1.654203997933061743e+01 -4.353539979330617982e+00
1.656081040669552351e+01 -4.368810406695523341e+00
1.657965585070332182e+01 -4.384155850703322699e+00
1.659857669086088450e+01 -4.399576690860884653e+00
1.661757330772515573e+01 -4.415073307725155161e+00
1.663664608291865221e+01 -4.430646082918652695e+00
1.665579539914491036e+01 -4.446295399144910121e+00
1.667502164020372746e+01 -4.462021640203726491e+00
1.669432519100641343e+01 -4.477825191006413519e+00
1.671370643759096453e+01 -4.493706437590963887e+00
1.673316576713703441e+01 -4.509665767137034820e+00
1.675270356798098703e+01 -4.525703567980986719e+00
1.677232022963070790e+01 -4.541820229630708639e+00
1.679201614278047217e+01 -4.558016142780472180e+00
1.681179169932562445e+01 -4.574291699325623739e+00
1.683164729237723733e+01 -4.590647292377237676e+00
1.685158331627673789e+01 -4.607083316276737506e+00
1.687160016661032103e+01 -4.623600166610319917e+00
1.689169824022343036e+01 -4.640198240223430304e+00
1.691187793523511829e+01 -4.656877935235119281e+00
1.693213965105233498e+01 -4.673639651052335253e+00
1.695248378838409309e+01 -4.690483788384092634e+00
1.697291074925566789e+01 -4.707410749255668492e+00
1.699342093702271228e+01 -4.724420937022712152e+00
1.701401475638519400e+01 -4.741514756385193152e+00
1.703469261340143248e+01 -4.758692613401432681e+00
1.705545491550197923e+01 -4.775954915501978704e+00
1.707630207150343082e+01 -4.793302071503431350e+00
1.709723449162226672e+01 -4.810734491622266518e+00
1.711825258748850942e+01 -4.828252587488510272e+00
1.713935677215947351e+01 -4.845856772159473635e+00
1.716054746013331211e+01 -4.863547460133311517e+00
1.718182506736262027e+01 -4.881325067362620729e+00
1.720319001126797076e+01 -4.899190011267970490e+00
1.722464271075133979e+01 -4.917142710751338797e+00
1.724618358620953629e+01 -4.935183586209536344e+00
1.726781305954760981e+01 -4.953313059547609143e+00
1.728953155419211640e+01 -4.971531554192116786e+00
1.731133949510447678e+01 -4.989839495104476441e+00
1.733323730879413915e+01 -5.008237308794139864e+00
1.735522542333185925e+01 -5.026725423331859233e+00
1.737730426836278141e+01 -5.045304268362780675e+00
1.739947427511959788e+01 -5.063974275119598190e+00
1.742173587643567956e+01 -5.082735876435679145e+00
1.744408950675802927e+01 -5.101589506758028136e+00
1.746653560216035217e+01 -5.120535602160352084e+00
1.748907460035605155e+01 -5.139574600356052514e+00
1.751170694071114653e+01 -5.158706940711146771e+00
1.753443306425717907e+01 -5.177933064257178586e+00
1.755725341370411741e+01 -5.197253413704117975e+00
1.758016843345324887e+01 -5.216668433453248710e+00
1.760317856960994121e+01 -5.236178569609940325e+00
1.762628426999647857e+01 -5.255784269996478741e+00
1.764948598416489389e+01 -5.275485984164893338e+00
1.767278416340962366e+01 -5.295284163409624156e+00
1.769617926078033676e+01 -5.315179260780336534e+00
1.771967173109457150e+01 -5.335171731094572323e+00
1.774326203095049337e+01 -5.355262030950493468e+00
1.776695061873950721e+01 -5.375450618739506581e+00
1.779073795465894392e+01 -5.395737954658944346e+00
1.781462450072470460e+01 -5.416124500724704305e+00
1.783861072078385845e+01 -5.436610720783857431e+00
1.786269708052724070e+01 -5.457197080527240729e+00
1.788688404750211092e+01 -5.477884047502110221e+00
1.791117209112461595e+01 -5.498672091124616301e+00
1.793556168269249440e+01 -5.519561682692494031e+00
1.796005329539749340e+01 -5.540553295397494082e+00
1.798464740433805531e+01 -5.561647404338055267e+00
1.800934448653172737e+01 -5.582844486531726602e+00
1.803414502092775606e+01 -5.604145020927756349e+00
1.805904948841964597e+01 -5.625549488419645527e+00
1.808405837185759069e+01 -5.647058371857589520e+00
1.810917215606103170e+01 -5.668672156061031586e+00
1.813439132783118879e+01 -5.690391327831189727e+00
1.815971637596354782e+01 -5.712216375963548032e+00
1.818514779126032010e+01 -5.734147791260319593e+00
1.821068606654299771e+01 -5.756186066542998248e+00
1.823633169666487674e+01 -5.778331696664876560e+00
1.826208517852347413e+01 -5.800585178523473218e+00
1.828794701107310416e+01 -5.822947011073104306e+00
1.831391769533739478e+01 -5.845417695337394193e+00
1.833999773442172199e+01 -5.867997734421722456e+00
1.836618763352581851e+01 -5.890687633525818256e+00
1.839248789995620115e+01 -5.913487899956201943e+00
1.841889904313880422e+01 -5.936399043138804288e+00
1.844542157463140697e+01 -5.959421574631406315e+00
1.847205600813622084e+01 -5.982556008136221237e+00
1.849880285951248382e+01 -6.005802859512483494e+00
1.852566264678893404e+01 -6.029162646788932989e+00
1.855263589017641479e+01 -6.052635890176414790e+00
