1.110703904006743592e+01 -2.107039040067435920e+00
1.110887222718620926e+01 -2.105372227186208534e+00
1.111070669614663586e+01 -2.103706696146636190e+00
1.111254245216718317e+01 -2.102042452167182773e+00
1.111437950048728496e+01 -2.100379500487285611e+00
1.111621784636744259e+01 -2.098717846367442519e+00
1.111805749508929253e+01 -2.097057495089291734e+00
1.111989845195570226e+01 -2.095398451955702512e+00
1.112174072229084487e+01 -2.093740722290844403e+00
1.112358431144029325e+01 -2.092084311440293831e+00
1.112542922477109819e+01 -2.090429224771098049e+00
1.112727546767187548e+01 -2.088775467671874608e+00
1.112912304555288934e+01 -2.087123045552889522e+00
1.113097196384614307e+01 -2.085471963846142529e+00
1.113282222800546073e+01 -2.083822228005461241e+00
1.113467384350657952e+01 -2.082173843506579303e+00
1.113652681584722259e+01 -2.080526815847223432e+00
1.113838115054720568e+01 -2.078881150547205792e+00
1.114023685314851164e+01 -2.077236853148511031e+00
1.114209392921538289e+01 -2.075593929215383326e+00
1.114395238433440305e+01 -2.073952384334402765e+00
1.114581222411460182e+01 -2.072312224114602586e+00
1.114767345418751887e+01 -2.070673454187518914e+00
1.114953608020732112e+01 -2.069036080207320438e+00
1.115140010785086844e+01 -2.067400107850868807e+00
1.115326554281781846e+01 -2.065765542817818101e+00
1.115513239083071007e+01 -2.064132390830710762e+00
1.115700065763505933e+01 -2.062500657635059298e+00
1.115887034899944297e+01 -2.060870348999442214e+00
1.116074147071559430e+01 -2.059241470715594602e+00
1.116261402859849916e+01 -2.057614028598498734e+00
1.116448802848647581e+01 -2.055988028486476438e+00
1.116636347624128511e+01 -2.054363476241285014e+00
1.116824037774820511e+01 -2.052740377748204281e+00
1.117011873891613405e+01 -2.051118738916134276e+00
1.117199856567768634e+01 -2.049498565677685846e+00
1.117387986398927602e+01 -2.047879863989276572e+00
1.117576263983122509e+01 -2.046262639831224917e+00
1.117764689920784171e+01 -2.044646899207842594e+00
1.117953264814753034e+01 -2.043032648147530494e+00
1.118141989270288050e+01 -2.041419892702879935e+00
1.118330863895075566e+01 -2.039808638950756148e+00
1.118519889299240688e+01 -2.038198892992406641e+00
1.118709066095355098e+01 -2.036590660953551790e+00
1.118898394898447890e+01 -2.034983948984478985e+00
1.119087876326014630e+01 -2.033378763260145661e+00
1.119277510998028013e+01 -2.031775109980280547e+00
1.119467299536946392e+01 -2.030172995369463607e+00
1.119657242567724786e+01 -2.028572425677248603e+00
1.119847340717823947e+01 -2.026973407178239484e+00
1.120037594617221011e+01 -2.025375946172209396e+00
1.120228004898418384e+01 -2.023780048984184177e+00
1.120418572196455465e+01 -2.022185721964554261e+00
1.120609297148916106e+01 -2.020592971489161727e+00
1.120800180395941936e+01 -2.019001803959419306e+00
1.120991222580239288e+01 -2.017412225802392101e+00
1.121182424347091455e+01 -2.015824243470914823e+00
1.121373786344368284e+01 -2.014237863443682386e+00
1.121565309222535944e+01 -2.012653092225360041e+00
1.121756993634667943e+01 -2.011069936346679299e+00
1.121948840236455247e+01 -2.009488402364551618e+00
1.122140849686215702e+01 -2.007908496862157222e+00
1.122333022644906109e+01 -2.006330226449060561e+00
1.122525359776131104e+01 -2.004753597761311568e+00
1.122717861746154711e+01 -2.003178617461546906e+00
1.122910529223909926e+01 -2.001605292239100109e+00
1.123103362881010625e+01 -2.000033628810106379e+00
1.123296363391759911e+01 -1.998463633917598514e+00
1.123489531433163791e+01 -1.996895314331638360e+00
1.123682867684938991e+01 -1.995328676849389637e+00
1.123876372829525216e+01 -1.993763728295252946e+00
1.124070047552095630e+01 -1.992200475520956360e+00
1.124263892540568044e+01 -1.990638925405679771e+00
1.124457908485614333e+01 -1.989079084856143709e+00
1.124652096080673402e+01 -1.987520960806733683e+00
1.124846456021960250e+01 -1.985964560219603214e+00
1.125040989008478221e+01 -1.984409890084782191e+00
1.125235695742029307e+01 -1.982856957420292332e+00
1.125430576927225346e+01 -1.981305769272253769e+00
1.125625633271499559e+01 -1.979756332714995182e+00
1.125820865485116862e+01 -1.978208654851169257e+00
1.126016274281186114e+01 -1.976662742811861051e+00
1.126211860375670248e+01 -1.975118603756701674e+00
1.126407624487398529e+01 -1.973576244873985530e+00
1.126603567338077205e+01 -1.972035673380771570e+00
1.126799689652300884e+01 -1.970496896523009411e+00
1.126995992157564785e+01 -1.968959921575647698e+00
1.127192475584274689e+01 -1.967424755842746009e+00
1.127389140665759903e+01 -1.965891406657599205e+00
1.127585988138284279e+01 -1.964359881382842232e+00
1.127783018741057219e+01 -1.962830187410572691e+00
1.127980233216246475e+01 -1.961302332162464523e+00
1.128177632308988265e+01 -1.959776323089883476e+00
1.128375216767401135e+01 -1.958252167674011446e+00
1.128572987342595191e+01 -1.956729873425951283e+00
1.128770944788686315e+01 -1.955209447886863572e+00
1.128969089862806285e+01 -1.953690898628062556e+00
1.129167423325115571e+01 -1.952174233251156465e+00
1.129365945938814697e+01 -1.950659459388146999e+00
1.129564658470157390e+01 -1.949146584701573204e+00
1.129763561688460882e+01 -1.947635616884609178e+00
1.129962656366119944e+01 -1.946126563661199071e+00
1.130161943278616832e+01 -1.944619432786169000e+00
1.130361423204535853e+01 -1.943114232045358492e+00
1.130561096925573672e+01 -1.941610969255735952e+00
1.130760965226552983e+01 -1.940109652265530116e+00
1.130961028895433174e+01 -1.938610288954331295e+00
1.131161288723325065e+01 -1.937112887233251257e+00
1.131361745504500860e+01 -1.935617455045008484e+00
1.131562400036408711e+01 -1.934124000364086271e+00
1.131763253119683554e+01 -1.932632531196835757e+00
1.131964305558161143e+01 -1.931143055581610923e+00
1.132165558158889240e+01 -1.929655581588892943e+00
1.132367011732141471e+01 -1.928170117321414523e+00
1.132568667091429759e+01 -1.926686670914296684e+00
1.132770525053516231e+01 -1.925205250535162449e+00
1.132972586438427420e+01 -1.923725864384273621e+00
1.133174852069466176e+01 -1.922248520694662233e+00
1.133377322773224982e+01 -1.920773227732249566e+00
1.133579999379598569e+01 -1.919299993795986481e+00
1.133782882721797414e+01 -1.917828827217974208e+00
1.133985973636360534e+01 -1.916359736363604682e+00
1.134189272963168449e+01 -1.914892729631684887e+00
1.134392781545457041e+01 -1.913427815454570080e+00
1.134596500229829452e+01 -1.911965002298295246e+00
1.134800429866271010e+01 -1.910504298662710099e+00
1.135004571308161481e+01 -1.909045713081614082e+00
1.135208925412288394e+01 -1.907589254122884270e+00
1.135413493038861432e+01 -1.906134930388613924e+00
1.135618275051524506e+01 -1.904682750515245715e+00
1.135823272317370858e+01 -1.903232723173708507e+00
1.136028485706955138e+01 -1.901784857069550583e+00
1.136233916094308327e+01 -1.900339160943083527e+00
1.136439564356950704e+01 -1.898895643569506575e+00
1.136645431375905346e+01 -1.897454313759054045e+00
1.136851518035713049e+01 -1.896015180357130347e+00
1.137057825224445118e+01 -1.894578252244450312e+00
1.137264353833717223e+01 -1.893143538337172416e+00
1.137471104758704854e+01 -1.891711047587048000e+00
1.137678078898154865e+01 -1.890280788981549165e+00
1.137885277154402353e+01 -1.888852771544023312e+00
1.138092700433382198e+01 -1.887427004333822822e+00
1.138300349644645415e+01 -1.886003496446454264e+00
1.138508225701371401e+01 -1.884582257013713402e+00
1.138716329520384107e+01 -1.883163295203841514e+00
1.138924662022164824e+01 -1.881746620221647959e+00
1.139133224130868172e+01 -1.880332241308682484e+00
1.139342016774334354e+01 -1.878920167743343583e+00
1.139551040884106037e+01 -1.877510408841059686e+00
1.139760297395441491e+01 -1.876102973954415276e+00
1.139969787247329513e+01 -1.874697872473294780e+00
1.140179511382504352e+01 -1.873295113825044211e+00
1.140389470747460265e+01 -1.871894707474602626e+00
1.140599666292465919e+01 -1.870496662924658438e+00
1.140810098971580544e+01 -1.869100989715805738e+00
1.141020769742667085e+01 -1.867707697426670421e+00
1.141231679567408719e+01 -1.866316795674087814e+00
1.141442829411322712e+01 -1.864928294113227025e+00
1.141654220243776408e+01 -1.863542202437763251e+00
1.141865853038001433e+01 -1.862158530380014554e+00
1.142077728771110579e+01 -1.860777287711105288e+00
1.142289848424110765e+01 -1.859398484241108207e+00
1.142502212981920273e+01 -1.858022129819202561e+00
1.142714823433383131e+01 -1.856648234333832193e+00
1.142927680771284926e+01 -1.855276807712849418e+00
1.143140785992368258e+01 -1.853907859923682011e+00
1.143354140097347837e+01 -1.852541400973478858e+00
1.143567744090927363e+01 -1.851177440909273386e+00
1.143781598981813730e+01 -1.849815989818138107e+00
1.143995705782733729e+01 -1.848457057827337380e+00
1.144210065510449681e+01 -1.847100655104496170e+00
1.144424679185774529e+01 -1.845746791857745706e+00
1.144639547833589432e+01 -1.844395478335894012e+00
1.144854672482857794e+01 -1.843046724828578675e+00
1.145070054166643203e+01 -1.841700541666432045e+00
1.145285693922123649e+01 -1.840356939221235777e+00
1.145501592790609102e+01 -1.839015927906091363e+00
1.145717751817557861e+01 -1.837677518175578228e+00
1.145934172052591471e+01 -1.836341720525915377e+00
1.146150854549512488e+01 -1.835008545495124821e+00
1.146367800366320289e+01 -1.833678003663202105e+00
1.146585010565227414e+01 -1.832350105652274408e+00
1.146802486212676619e+01 -1.831024862126765740e+00
1.147020228379357221e+01 -1.829702283793572803e+00
1.147238238140221789e+01 -1.828382381402217760e+00
1.147456516574503027e+01 -1.827065165745029418e+00
1.147675064765729758e+01 -1.825750647657297776e+00
1.147893883801745929e+01 -1.824438838017458764e+00
1.148112974774724826e+01 -1.823129747747248786e+00
1.148332338781188433e+01 -1.821823387811884132e+00
1.148551976922022710e+01 -1.820519769220227957e+00
1.148771890302496068e+01 -1.819218903024960809e+00
1.148992080032275709e+01 -1.817920800322756492e+00
1.149212547225445924e+01 -1.816625472254459694e+00
1.149433293000523548e+01 -1.815332930005235212e+00
1.149654318480478210e+01 -1.814043184804782882e+00
1.149875624792746542e+01 -1.812756247927465481e+00
1.150097213069252788e+01 -1.811472130692527216e+00
1.150319084446424078e+01 -1.810190844464241167e+00
1.150541240065209614e+01 -1.808912400652095798e+00
1.150763681071097366e+01 -1.807636810710974373e+00
1.150986408614133261e+01 -1.806364086141332592e+00
1.151209423848936986e+01 -1.805094238489369118e+00
1.151432727934722422e+01 -1.803827279347224533e+00
1.151656322035313629e+01 -1.802563220353135875e+00
1.151880207319164207e+01 -1.801302073191642705e+00
1.152104384959374528e+01 -1.800043849593745193e+00
1.152328856133711099e+01 -1.798788561337110181e+00
1.152553622024623436e+01 -1.797536220246234606e+00
1.152778683819264316e+01 -1.796286838192642676e+00
1.153004042709506116e+01 -1.795040427095061730e+00
1.153229699891961069e+01 -1.793796998919610530e+00
1.153455656567999021e+01 -1.792556565679989333e+00
1.153681913943766091e+01 -1.791319139437661079e+00
1.153908473230203846e+01 -1.790084732302037906e+00
1.154135335643067428e+01 -1.788853356430674779e+00
1.154362502402945800e+01 -1.787625024029457776e+00
1.154589974735278446e+01 -1.786399747352785283e+00
1.154817753870377217e+01 -1.785177538703772271e+00
1.155045841043442856e+01 -1.783958410434427933e+00
1.155274237494585599e+01 -1.782742374945856412e+00
1.155502944468844539e+01 -1.781529444688445096e+00
1.155731963216205749e+01 -1.780319632162058241e+00
1.155961294991623411e+01 -1.779112949916234143e+00
1.156190941055037769e+01 -1.777909410550376990e+00
1.156420902671395012e+01 -1.776709026713950479e+00
1.156651181110668070e+01 -1.775511811106680327e+00
1.156881777647874543e+01 -1.774317776478746111e+00
1.157112693563098205e+01 -1.773126935630982004e+00
1.157343930141507471e+01 -1.771939301415073942e+00
1.157575488673376007e+01 -1.770754886733760358e+00
1.157807370454102625e+01 -1.769573704541025805e+00
1.158039576784231350e+01 -1.768395767842314115e+00
1.158272108969472214e+01 -1.767221089694722025e+00
1.158504968320720252e+01 -1.766049683207201682e+00
1.158738156154076293e+01 -1.764881561540763144e+00
1.158971673790868451e+01 -1.763716737908683996e+00
1.159205522557670953e+01 -1.762555225576710072e+00
1.159439703786326170e+01 -1.761397037863261517e+00
1.159674218813963620e+01 -1.760242188139635289e+00
1.159909068983022884e+01 -1.759090689830228982e+00
1.160144255641272082e+01 -1.757942556412720236e+00
1.160379780141830430e+01 -1.756797801418304772e+00
1.160615643843188316e+01 -1.755656438431882904e+00
1.160851848109229145e+01 -1.754518481092292248e+00
1.161088394309249239e+01 -1.753383943092492459e+00
1.161325283817980569e+01 -1.752252838179805039e+00
1.161562518015610479e+01 -1.751125180156105188e+00
1.161800098287804772e+01 -1.750000982878047395e+00
1.162038026025726900e+01 -1.748880260257269725e+00
1.162276302626062474e+01 -1.747763026260624741e+00
1.162514929491037741e+01 -1.746649294910376682e+00
1.162753908028443917e+01 -1.745539080284439493e+00
1.162993239651657262e+01 -1.744432396516572226e+00
1.163232925779661642e+01 -1.743329257796617071e+00
1.163472967837070371e+01 -1.742229678370703638e+00
1.163713367254148778e+01 -1.741133672541486987e+00
1.163954125466834810e+01 -1.740041254668348358e+00
1.164195243916763367e+01 -1.738952439167633202e+00
1.164436724051286909e+01 -1.737867240512869671e+00
1.164678567323498726e+01 -1.736785673234987115e+00
1.164920775192254432e+01 -1.735707751922545228e+00
1.165163349122196657e+01 -1.734633491221966750e+00
1.165406290583774762e+01 -1.733562905837747081e+00
1.165649601053269535e+01 -1.732496010532695863e+00
1.165893282012816456e+01 -1.731432820128164352e+00
1.166137334950426130e+01 -1.730373349504260361e+00
1.166381761360010039e+01 -1.729317613600100501e+00
1.166626562741402573e+01 -1.728265627414025118e+00
1.166871740600382701e+01 -1.727217406003827449e+00
1.167117296448700436e+01 -1.726172964487004080e+00
1.167363231804096735e+01 -1.725132318040968116e+00
1.167609548190329960e+01 -1.724095481903299643e+00
1.167856247137197023e+01 -1.723062471371969551e+00
1.168103330180558430e+01 -1.722033301805584671e+00
1.168350798862361906e+01 -1.721007988623618701e+00
1.168598654730665309e+01 -1.719986547306653790e+00
1.168846899339661682e+01 -1.718968993396616796e+00
1.169095534249702339e+01 -1.717955342497022642e+00
1.169344561027321561e+01 -1.716945610273215905e+00
1.169593981245260217e+01 -1.715939812452601743e+00
1.169843796482490816e+01 -1.714937964824908789e+00
1.170094008324240953e+01 -1.713940083242409429e+00
1.170344618362018707e+01 -1.712946183620186247e+00
1.170595628193635918e+01 -1.711956281936359403e+00
1.170847039423234826e+01 -1.710970394232347758e+00
1.171098853661310280e+01 -1.709988536613103349e+00
1.171351072524737447e+01 -1.709010725247374296e+00
1.171603697636793662e+01 -1.708036976367937498e+00
1.171856730627186494e+01 -1.707067306271865093e+00
1.172110173132076305e+01 -1.706101731320762482e+00
1.172364026794103253e+01 -1.705140267941033017e+00
1.172618293262411626e+01 -1.704182932624116020e+00
1.172872974192675954e+01 -1.703229741926758578e+00
1.173128071247125703e+01 -1.702280712471257118e+00
1.173383586094571918e+01 -1.701335860945718537e+00
1.173639520410431736e+01 -1.700395204104317770e+00
1.173895875876755746e+01 -1.699458758767557143e+00
1.174152654182251965e+01 -1.698526541822520386e+00
1.174409857022314085e+01 -1.697598570223140868e+00
1.174667486099045632e+01 -1.696674860990455613e+00
1.174925543121286609e+01 -1.695755431212866426e+00
1.175184029804641561e+01 -1.694840298046415228e+00
1.175442947871503385e+01 -1.693929478715034520e+00
1.175702299051081567e+01 -1.693022990510815617e+00
1.175962085079428654e+01 -1.692120850794285758e+00
1.176222307699465475e+01 -1.691223076994655017e+00
1.176482968661010808e+01 -1.690329686610107629e+00
1.176744069720805363e+01 -1.689440697208054232e+00
1.177005612642540733e+01 -1.688556126425407200e+00
1.177267599196885861e+01 -1.687675991968857758e+00
1.177530031161514046e+01 -1.686800311615140657e+00
1.177792910321131004e+01 -1.685929103211309510e+00
1.178056238467501693e+01 -1.685062384675017455e+00
1.178320017399478559e+01 -1.684200173994785388e+00
1.178584248923027822e+01 -1.683342489230279071e+00
1.178848934851259145e+01 -1.682489348512591576e+00
1.179114077004452099e+01 -1.681640770044520394e+00
1.179379677210084587e+01 -1.680796772100846326e+00
1.179645737302861619e+01 -1.679957373028615919e+00
1.179912259124741958e+01 -1.679122591247418583e+00
1.180179244524967430e+01 -1.678292445249674358e+00
1.180446695360092413e+01 -1.677466953600923460e+00
1.180714613494009946e+01 -1.676646134940099842e+00
1.180983000797982463e+01 -1.675830007979824288e+00
1.181251859150669148e+01 -1.675018591506692189e+00
1.181521190438156310e+01 -1.674211904381563087e+00
1.181790996553984385e+01 -1.673409965539843114e+00
1.182061279399178844e+01 -1.672612793991788749e+00
1.182332040882278257e+01 -1.671820408822782156e+00
1.182603282919364496e+01 -1.671032829193645597e+00
1.182875007434091152e+01 -1.670250074340911439e+00
1.183147216357713738e+01 -1.669472163577138346e+00
1.183419911629119703e+01 -1.668699116291197271e+00
1.183693095194857037e+01 -1.667930951948569884e+00
1.183966769009164821e+01 -1.667167690091648780e+00
1.184240935034003783e+01 -1.666409350340037676e+00
1.184515595239085251e+01 -1.665655952390851624e+00
1.184790751601902592e+01 -1.664907516019026090e+00
1.185066406107760351e+01 -1.664164061077602952e+00
1.185342560749805685e+01 -1.663425607498057346e+00
1.185619217529058567e+01 -1.662692175290585439e+00
1.185896378454442512e+01 -1.661963784544425948e+00
1.186174045542814959e+01 -1.661240455428149687e+00
1.186452220818999237e+01 -1.660522208189991744e+00
1.186730906315814593e+01 -1.659809063158146358e+00
1.187010104074107986e+01 -1.659101040741079558e+00
1.187289816142784993e+01 -1.658398161427848905e+00
1.187570044578841255e+01 -1.657700445788412580e+00
1.187850791447394982e+01 -1.657007914473949128e+00
1.188132058821716797e+01 -1.656320588217168321e+00
1.188413848783263127e+01 -1.655638487832630901e+00
1.188696163421707297e+01 -1.654961634217073652e+00
1.188979004834971498e+01 -1.654290048349714937e+00
1.189262375129259830e+01 -1.653623751292597532e+00
1.189546276419089210e+01 -1.652962764190892386e+00
1.189830710827323124e+01 -1.652307108273230796e+00
1.190115680485202709e+01 -1.651656804852027705e+00
1.190401187532381222e+01 -1.651011875323812106e+00
1.190687234116954762e+01 -1.650372341169548562e+00
1.190973822395497095e+01 -1.649738223954971161e+00
1.191260954533091088e+01 -1.649109545330910365e+00
1.191548632703362465e+01 -1.648486327033625187e+00
1.191836859088514089e+01 -1.647868590885140705e+00
1.192125635879357581e+01 -1.647256358793574904e+00
1.192414965275347782e+01 -1.646649652753477966e+00
1.192704849484617036e+01 -1.646048494846169774e+00
1.192995290724007162e+01 -1.645452907240072093e+00
1.193286291219106054e+01 -1.644862912191060289e+00
1.193577853204278227e+01 -1.644278532042783070e+00
1.193869978922703190e+01 -1.643699789227031971e+00
1.194162670626405642e+01 -1.643126706264055770e+00
1.194455930576292602e+01 -1.642559305762926414e+00
1.194749761042187508e+01 -1.641997610421874754e+00
1.195044164302863976e+01 -1.641441643028640485e+00
1.195339142646082031e+01 -1.640891426460820313e+00
1.195634698368621507e+01 -1.640346983686214344e+00
1.195930833776318991e+01 -1.639808337763190238e+00
1.196227551184101046e+01 -1.639275511841010058e+00
1.196524852916021509e+01 -1.638748529160215739e+00
1.196822741305295601e+01 -1.638227413052955939e+00
1.197121218694336875e+01 -1.637712186943367954e+00
1.197420287434790964e+01 -1.637202874347909898e+00
1.197719949887574309e+01 -1.636699498875742620e+00
1.198020208422907551e+01 -1.636202084229076092e+00
1.198321065420353904e+01 -1.635710654203538894e+00
1.198622523268853435e+01 -1.635225232688535257e+00
1.198924584366762147e+01 -1.634745843667621656e+00
1.199227251121885551e+01 -1.634272511218854973e+00
1.199530525951518101e+01 -1.633805259515181518e+00
1.199834411282478364e+01 -1.633344112824783423e+00
1.200138909551147215e+01 -1.632889095511471211e+00
1.200444023203504074e+01 -1.632440232035040850e+00
1.200749754695165272e+01 -1.631997546951652112e+00
1.201056106491419939e+01 -1.631561064914199832e+00
1.201363081067270144e+01 -1.631130810672701159e+00
1.201670680907465716e+01 -1.630706809074657926e+00
1.201978908506544741e+01 -1.630289085065447452e+00
1.202287766368869804e+01 -1.629877663688697353e+00
1.202597257008666887e+01 -1.629472570086669236e+00
1.202907382950064274e+01 -1.629073829500642390e+00
1.203218146727130389e+01 -1.628681467271304584e+00
1.203529550883911980e+01 -1.628295508839119776e+00
1.203841597974474276e+01 -1.627915979744742003e+00
1.204154290562938279e+01 -1.627542905629383085e+00
1.204467631223521984e+01 -1.627176312235219413e+00
1.204781622540576969e+01 -1.626816225405770311e+00
1.205096267108630492e+01 -1.626462671086304823e+00
1.205411567532422978e+01 -1.626115675324228960e+00
1.205727526426948337e+01 -1.625775264269483600e+00
1.206044146417495000e+01 -1.625441464174949502e+00
1.206361430139683577e+01 -1.625114301396836325e+00
1.206679380239509491e+01 -1.624793802395094744e+00
1.206997999373381347e+01 -1.624479993733814354e+00
1.207317290208163030e+01 -1.624172902081630454e+00
1.207637255421212430e+01 -1.623872554212123731e+00
1.207957897700423899e+01 -1.623578977004239476e+00
1.208279219744268929e+01 -1.623292197442689044e+00
1.208601224261836293e+01 -1.623012242618361967e+00
1.208923913972873798e+01 -1.622739139728738067e+00
1.209247291607830732e+01 -1.622472916078306682e+00
1.209571359907897126e+01 -1.622213599078971669e+00
1.209896121625048337e+01 -1.621961216250483062e+00
1.210221579522083957e+01 -1.621715795220840306e+00
1.210547736372672745e+01 -1.621477363726727461e+00
1.210874594961392248e+01 -1.621245949613921766e+00
1.211202158083773384e+01 -1.621021580837734177e+00
1.211530428546341298e+01 -1.620804285463412597e+00
1.211859409166658885e+01 -1.620594091666589520e+00
1.212189102773369598e+01 -1.620391027733695921e+00
1.212519512206240613e+01 -1.620195122062405346e+00
1.212850640316204753e+01 -1.620006403162047803e+00
1.213182489965406496e+01 -1.619824899654064509e+00
1.213515064027242296e+01 -1.619650640272423558e+00
1.213848365386406947e+01 -1.619483653864069339e+00
1.214182396938935682e+01 -1.619323969389355966e+00
1.214517161592249295e+01 -1.619171615922493146e+00
1.214852662265197480e+01 -1.619026622651974279e+00
1.215188901888104134e+01 -1.618889018881041864e+00
1.215525883402810869e+01 -1.618758834028108495e+00
1.215863609762722497e+01 -1.618636097627225823e+00
1.216202083932851608e+01 -1.618520839328516203e+00
1.216541308889863870e+01 -1.618413088898638108e+00
1.216881287622122265e+01 -1.618312876221223107e+00
1.217222023129734332e+01 -1.618220231297343048e+00
1.217563518424595692e+01 -1.618135184245955926e+00
1.217905776530436768e+01 -1.618057765304367734e+00
1.218248800482869854e+01 -1.617988004828697868e+00
1.218592593329432638e+01 -1.617925933294326768e+00
1.218937158129636522e+01 -1.617871581296364880e+00
1.219282497955012623e+01 -1.617824979550126940e+00
1.219628615889157786e+01 -1.617786158891577841e+00
1.219975515027782009e+01 -1.617755150277819354e+00
1.220323198478754811e+01 -1.617731984787548427e+00
1.220671669362153722e+01 -1.617716693621536805e+00
1.221020930810309579e+01 -1.617709308103096433e+00
1.221370985967856271e+01 -1.617709859678562623e+00
1.221721837991776738e+01 -1.617718379917766569e+00
1.222073490051451294e+01 -1.617734900514513185e+00
1.222425945328706653e+01 -1.617759453287066052e+00
1.222779207017862646e+01 -1.617792070178627029e+00
1.223133278325782314e+01 -1.617832783257822982e+00
1.223488162471918628e+01 -1.617881624719185396e+00
1.223843862688365469e+01 -1.617938626883654862e+00
1.224200382219904526e+01 -1.618003822199044706e+00
1.224557724324056096e+01 -1.618077243240561458e+00
1.224915892271127937e+01 -1.618158922711279146e+00
1.225274889344264295e+01 -1.618248893442643777e+00
1.225634718839496529e+01 -1.618347188394965386e+00
1.225995384065792493e+01 -1.618453840657924303e+00
1.226356888345106277e+01 -1.618568883451063201e+00
1.226719235012430431e+01 -1.618692350124304014e+00
1.227082427415843924e+01 -1.618824274158438214e+00
1.227446468916564548e+01 -1.618964689165645510e+00
1.227811362888999369e+01 -1.619113628889992995e+00
1.228177112720796238e+01 -1.619271127207962735e+00
1.228543721812893885e+01 -1.619437218128938483e+00
1.228911193579575034e+01 -1.619611935795751023e+00
1.229279531448516849e+01 -1.619795314485168447e+00
1.229648738860843515e+01 -1.619987388608434387e+00
1.230018819271177577e+01 -1.620188192711776054e+00
1.230389776147693759e+01 -1.620397761476937148e+00
1.230761612972169239e+01 -1.620616129721693000e+00
1.231134333240039069e+01 -1.620843332400390580e+00
1.231507940460445916e+01 -1.621079404604460095e+00
1.231882438156296189e+01 -1.621324381562962103e+00
1.232257829864311027e+01 -1.621578298643109761e+00
1.232634119135081363e+01 -1.621841191350814171e+00
1.233011309533120503e+01 -1.622113095331204846e+00
1.233389404636919195e+01 -1.622394046369191045e+00
1.233768408038998210e+01 -1.622684080389982242e+00
1.234148323345964826e+01 -1.622983233459647678e+00
1.234529154178564525e+01 -1.623291541785645720e+00
1.234910904171738899e+01 -1.623609041717388735e+00
1.235293576974677876e+01 -1.623935769746779556e+00
1.235677176250877096e+01 -1.624271762508771033e+00
1.236061705678191203e+01 -1.624617056781911373e+00
1.236447168948890507e+01 -1.624971689488905469e+00
1.236833569769718189e+01 -1.625335697697181558e+00
1.237220911861942874e+01 -1.625709118619429461e+00
1.237609198961418322e+01 -1.626091989614183220e+00
1.237998434818638138e+01 -1.626484348186380657e+00
1.238388623198791905e+01 -1.626886231987919373e+00
1.238779767881823979e+01 -1.627297678818239390e+00
1.239171872662488383e+01 -1.627718726624884482e+00
1.239564941350408667e+01 -1.628149413504086596e+00
1.239958977770132265e+01 -1.628589777701321850e+00
1.240353985761190891e+01 -1.629039857611909170e+00
1.240749969178157919e+01 -1.629499691781578719e+00
1.241146931890705218e+01 -1.629969318907052767e+00
1.241544877783663736e+01 -1.630448777836637220e+00
1.241943810757079802e+01 -1.630938107570798934e+00
1.242343734726276594e+01 -1.631437347262766124e+00
1.242744653621910444e+01 -1.631946536219103905e+00
1.243146571390032129e+01 -1.632465713900321802e+00
1.243549491992146194e+01 -1.632994919921461729e+00
1.243953419405269933e+01 -1.633534194052698396e+00
1.244358357621993250e+01 -1.634083576219932610e+00
1.244764310650540828e+01 -1.634643106505407673e+00
1.245171282514829514e+01 -1.635212825148295579e+00
1.245579277254532613e+01 -1.635792772545325846e+00
1.245988298925136917e+01 -1.636382989251369935e+00
1.246398351598007181e+01 -1.636983515980071857e+00
1.246809439360445637e+01 -1.637594393604455689e+00
1.247221566315754337e+01 -1.638215663157543744e+00
1.247634736583296444e+01 -1.638847365832964087e+00
1.248048954298559288e+01 -1.639489542985593573e+00
1.248464223613215296e+01 -1.640142236132152931e+00
1.248880548695186476e+01 -1.640805486951864012e+00
1.249297933728704635e+01 -1.641479337287046647e+00
1.249716382914377633e+01 -1.642163829143775899e+00
1.250135900469249250e+01 -1.642859004692493130e+00
1.250556490626865980e+01 -1.643564906268659698e+00
1.250978157637337951e+01 -1.644281576373378684e+00
1.251400905767404836e+01 -1.645009057674048591e+00
1.251824739300499800e+01 -1.645747393004997505e+00
1.252249662536813091e+01 -1.646496625368131461e+00
1.252675679793357588e+01 -1.647256797933575712e+00
1.253102795404033998e+01 -1.648027954040340859e+00
1.253531013719695508e+01 -1.648810137196955239e+00
1.253960339108213518e+01 -1.649603391082134607e+00
1.254390775954543003e+01 -1.650407759545430508e+00
1.254822328660790021e+01 -1.651223286607899965e+00
1.255255001646275659e+01 -1.652050016462755622e+00
1.255688799347603712e+01 -1.652887993476037209e+00
1.256123726218728720e+01 -1.653737262187286561e+00
1.256559786731020445e+01 -1.654597867310204862e+00
1.256996985373333331e+01 -1.655469853733332997e+00
1.257435326652071872e+01 -1.656353266520719458e+00
1.257874815091261134e+01 -1.657248150912611351e+00
1.258315455232612656e+01 -1.658154552326125852e+00
1.258757251635592667e+01 -1.659072516355927007e+00
1.259200208877492777e+01 -1.660002088774927387e+00
1.259644331553495888e+01 -1.660943315534959552e+00
1.260089624276748488e+01 -1.661896242767484821e+00
1.260536091678426907e+01 -1.662860916784268284e+00
1.260983738407808552e+01 -1.663837384078085790e+00
1.261432569132342429e+01 -1.664825691323423840e+00
1.261882588537717353e+01 -1.665825885377174131e+00
1.262333801327934424e+01 -1.666838013279344111e+00
1.262786212225375948e+01 -1.667862122253758628e+00
1.263239825970877561e+01 -1.668898259708775811e+00
1.263694647323799281e+01 -1.669946473237992279e+00
1.264150681062096027e+01 -1.671006810620960792e+00
1.264607931982391165e+01 -1.672079319823911447e+00
1.265066404900046670e+01 -1.673164049000467557e+00
1.265526104649237205e+01 -1.674261046492372174e+00
1.265987036083020989e+01 -1.675370360830209293e+00
1.266449204073413526e+01 -1.676492040734135713e+00
1.266912613511461672e+01 -1.677626135114616446e+00
1.267377269307315046e+01 -1.678772693073149469e+00
1.267843176390301529e+01 -1.679931763903015352e+00
1.268310339709000445e+01 -1.681103397090003781e+00
1.268778764231316458e+01 -1.682287642313164966e+00
1.269248454944555071e+01 -1.683484549445550371e+00
1.269719416855497052e+01 -1.684694168554971228e+00
1.270191654990473040e+01 -1.685916549904730388e+00
1.270665174395440111e+01 -1.687151743954400374e+00
1.271139980136056025e+01 -1.688399801360560559e+00
1.271616077297756497e+01 -1.689660772977564562e+00
1.272093470985831054e+01 -1.690934709858309404e+00
1.272572166325498344e+01 -1.692221663254983355e+00
1.273052168461985900e+01 -1.693521684619859968e+00
1.273533482560604746e+01 -1.694834825606047701e+00
1.274016113806827200e+01 -1.696161138068271512e+00
1.274500067406365567e+01 -1.697500674063656234e+00
1.274985348585249589e+01 -1.698853485852495737e+00
1.275471962589905139e+01 -1.700219625899050513e+00
1.275959914687231489e+01 -1.701599146872315060e+00
1.276449210164683024e+01 -1.702992101646829681e+00
1.276939854330345270e+01 -1.704398543303453195e+00
1.277431852513017319e+01 -1.705818525130172958e+00
1.277925210062288564e+01 -1.707252100622886459e+00
1.278419932348622545e+01 -1.708699323486225552e+00
1.278916024763434045e+01 -1.710160247634339825e+00
1.279413492719171330e+01 -1.711634927191713729e+00
1.279912341649398222e+01 -1.713123416493981921e+00
1.280412577008872965e+01 -1.714625770088728629e+00
1.280914204273631896e+01 -1.716142042736318984e+00
1.281417228941071862e+01 -1.717672289410717923e+00
1.281921656530029452e+01 -1.719216565300294874e+00
1.282427492580867678e+01 -1.720774925808676414e+00
1.282934742655555382e+01 -1.722347426555554506e+00
1.283443412337753387e+01 -1.723934123377533822e+00
1.283953507232895852e+01 -1.725535072328957753e+00
1.284465032968274656e+01 -1.727150329682746843e+00
1.284977995193125189e+01 -1.728779951931251446e+00
1.285492399578708245e+01 -1.730423995787083058e+00
1.286008251818397952e+01 -1.732082518183979403e+00
1.286525557627763305e+01 -1.733755576277633992e+00
1.287044322744657698e+01 -1.735443227446577197e+00
1.287564552929300632e+01 -1.737145529293005808e+00
1.288086253964367422e+01 -1.738862539643674765e+00
1.288609431655073401e+01 -1.740594316550733822e+00
1.289134091829262196e+01 -1.742340918292621055e+00
1.289660240337490649e+01 -1.744102403374906629e+00
1.290187883053120110e+01 -1.745878830531200521e+00
1.290717025872399404e+01 -1.747670258723994507e+00
1.291247674714557547e+01 -1.749476747145575217e+00
1.291779835521888842e+01 -1.751298355218889213e+00
1.292313514259843998e+01 -1.753135142598440055e+00
1.292848716917117002e+01 -1.754987169171169370e+00
1.293385449505737128e+01 -1.756854495057371679e+00
1.293923718061156869e+01 -1.758737180611568363e+00
1.294463528642342887e+01 -1.760635286423427814e+00
1.295004887331866250e+01 -1.762548873318662501e+00
1.295547800235993741e+01 -1.764478002359938458e+00
1.296092273484778623e+01 -1.766422734847786558e+00
1.296638313232152306e+01 -1.768383132321522666e+00
1.297185925656015648e+01 -1.770359256560157135e+00
1.297735116958333101e+01 -1.772351169583330943e+00
1.298285893365223131e+01 -1.774358933652230519e+00
1.298838261127051474e+01 -1.776382611270515000e+00
1.299392226518526527e+01 -1.778422265185264806e+00
1.299947795838790476e+01 -1.780477958387905346e+00
1.300504975411514330e+01 -1.782549754115143159e+00
1.301063771584992779e+01 -1.784637715849928696e+00
1.301624190732238162e+01 -1.786741907322381806e+00
1.302186239251076039e+01 -1.788862392510759847e+00
1.302749923564239687e+01 -1.790999235642397380e+00
1.303315250119467983e+01 -1.793152501194679616e+00
1.303882225389599192e+01 -1.795322253895990983e+00
1.304450855872668669e+01 -1.797508558726686800e+00
1.305021148092006733e+01 -1.799711480920066720e+00
1.305593108596333352e+01 -1.801931085963333956e+00
1.306166743959859211e+01 -1.804167439598591827e+00
1.306742060782380044e+01 -1.806420607823801205e+00
1.307319065689378412e+01 -1.808690656893784166e+00
1.307897765332120343e+01 -1.810977653321202752e+00
1.308478166387754271e+01 -1.813281663877543082e+00
1.309060275559413000e+01 -1.815602755594129647e+00
1.309644099576311049e+01 -1.817940995763109413e+00
1.310229645193845194e+01 -1.820296451938451909e+00
1.310816919193697139e+01 -1.822669191936972410e+00
1.311405928383933173e+01 -1.825059283839332025e+00
1.311996679599104709e+01 -1.827466795991046666e+00
1.312589179700351139e+01 -1.829891797003512011e+00
1.313183435575503033e+01 -1.832334355755030231e+00
1.313779454139182512e+01 -1.834794541391824296e+00
1.314377242332908047e+01 -1.837272423329080695e+00
1.314976807125196778e+01 -1.839768071251967285e+00
1.315578155511668967e+01 -1.842281555116690228e+00
1.316181294515151556e+01 -1.844812945151515393e+00
1.316786231185783151e+01 -1.847362311857832395e+00
1.317392972601119361e+01 -1.849929726011193765e+00
1.318001525866236889e+01 -1.852515258662368325e+00
1.318611898113839764e+01 -1.855118981138398127e+00
1.319224096504367338e+01 -1.857740965043673143e+00
1.319838128226097318e+01 -1.860381282260972213e+00
1.320454000495256075e+01 -1.863040004952560835e+00
1.321071720556124163e+01 -1.865717205561240988e+00
1.321691295681144673e+01 -1.868412956811447145e+00
1.322312733171031240e+01 -1.871127331710312092e+00
1.322936040354876397e+01 -1.873860403548764708e+00
1.323561224590261531e+01 -1.876612245902615328e+00
1.324188293263365601e+01 -1.879382932633655301e+00
1.324817253789074201e+01 -1.882172537890742348e+00
1.325448113611092182e+01 -1.884981136110921440e+00
1.326080880202051482e+01 -1.887808802020513710e+00
1.326715561063623738e+01 -1.890655610636237327e+00
1.327352163726632384e+01 -1.893521637266324831e+00
1.327990695751163841e+01 -1.896406957511638680e+00
1.328631164726678904e+01 -1.899311647266788583e+00
1.329273578272127487e+01 -1.902235782721275470e+00
1.329917944036060540e+01 -1.905179440360605270e+00
1.330564269696744084e+01 -1.908142696967439988e+00
1.331212562962272905e+01 -1.911125629622729249e+00
1.331862831570686367e+01 -1.914128315706863148e+00
1.332515083290081392e+01 -1.917150832900814450e+00
1.333169325918730053e+01 -1.920193259187300328e+00
1.333825567285192548e+01 -1.923255672851926334e+00
1.334483815248437466e+01 -1.926338152484374788e+00
1.335144077697954046e+01 -1.929440776979539862e+00
1.335806362553872439e+01 -1.932563625538724850e+00
1.336470677767080950e+01 -1.935706777670809231e+00
1.337137031319342206e+01 -1.938870313193421069e+00
1.337805431223413422e+01 -1.942054312234134272e+00
1.338475885523165942e+01 -1.945258855231658757e+00
1.339148402293701423e+01 -1.948484022937014615e+00
1.339822989641476170e+01 -1.951729896414761356e+00
1.340499655704416604e+01 -1.954996557044166750e+00
1.341178408652045029e+01 -1.958284086520450273e+00
1.341859256685596336e+01 -1.961592566855962616e+00
1.342542208038141993e+01 -1.964922080381420244e+00
1.343227270974712972e+01 -1.968272709747129312e+00
1.343914453792420183e+01 -1.971644537924200691e+00
1.344603764820578640e+01 -1.975037648205786311e+00
1.345295212420830921e+01 -1.978452124208310181e+00
1.345988804987272403e+01 -1.981888049872724267e+00
1.346684550946572756e+01 -1.985345509465727076e+00
1.347382458758103496e+01 -1.988824587581035530e+00
1.348082536914062857e+01 -1.992325369140628410e+00
1.348784793939600668e+01 -1.995847939396005799e+00
1.349489238392945722e+01 -1.999392383929457395e+00
1.350195878865533139e+01 -2.002958788655330835e+00
1.350904723982129241e+01 -2.006547239821292905e+00
1.351615782400963184e+01 -2.010157824009631611e+00
1.352329062813850946e+01 -2.013790628138510286e+00
1.353044573946328377e+01 -2.017445739463283871e+00
1.353762324557776608e+01 -2.021123245577765459e+00
1.354482323441554570e+01 -2.024823234415546125e+00
1.355204579425128131e+01 -2.028545794251281009e+00
1.355929101370201550e+01 -2.032291013702014482e+00
1.356655898172846442e+01 -2.036058981728464445e+00
1.357384978763637662e+01 -2.039849787636375922e+00
1.358116352107780855e+01 -2.043663521077808909e+00
1.358850027205249944e+01 -2.047500272052499071e+00
1.359586013090915202e+01 -2.051360130909152701e+00
1.360324318834682700e+01 -2.055243188346826955e+00
1.361064953541623268e+01 -2.059149535416231913e+00
1.361807926352110165e+01 -2.063079263521101936e+00
1.362553246441955324e+01 -2.067032464419552795e+00
1.363300923022541156e+01 -2.071009230225412168e+00
1.364050965340961952e+01 -2.075009653409619403e+00
1.364803382680156218e+01 -2.079033826801563123e+00
1.365558184359047011e+01 -2.083081843590470328e+00
1.366315379732678359e+01 -2.087153797326783078e+00
1.367074978192353463e+01 -2.091249781923535167e+00
1.367836989165775563e+01 -2.095369891657755446e+00
1.368601422117184896e+01 -2.099514221171848050e+00
1.369368286547499380e+01 -2.103682865474993946e+00
1.370137591994457260e+01 -2.107875919944572018e+00
1.370909348032754238e+01 -2.112093480327542849e+00
1.371683564274189315e+01 -2.116335642741892897e+00
1.372460250367802459e+01 -2.120602503678025386e+00
1.373239416000022395e+01 -2.124894160000224019e+00
1.374021070894804097e+01 -2.129210708948040320e+00
1.374805224813776938e+01 -2.133552248137769780e+00
1.375591887556387682e+01 -2.137918875563876497e+00
1.376381068960044018e+01 -2.142310689600439133e+00
1.377172778900260930e+01 -2.146727789002609299e+00
1.377967027290807422e+01 -2.151170272908075276e+00
1.378763824083852541e+01 -2.155638240838525732e+00
1.379563179270110673e+01 -2.160131792701106335e+00
1.380365102878990413e+01 -2.164651028789904785e+00
1.381169604978744836e+01 -2.169196049787448288e+00
1.381976695676615918e+01 -2.173766956766158387e+00
1.382786385118987305e+01 -2.178363851189873301e+00
1.383598683491532455e+01 -2.182986834915324081e+00
1.384413601019365458e+01 -2.187636010193655167e+00
1.385231147967192200e+01 -2.192311479671921859e+00
1.386051334639461174e+01 -2.197013346394612654e+00
1.386874171380517318e+01 -2.201741713805173362e+00
1.387699668574752465e+01 -2.206496685747524111e+00
1.388527836646759184e+01 -2.211278366467592349e+00
1.389358686061487091e+01 -2.216086860614870702e+00
1.390192227324393315e+01 -2.220922273243932210e+00
1.391028470981600051e+01 -2.225784709816000628e+00
1.391867427620050712e+01 -2.230674276200506512e+00
1.392709107867663221e+01 -2.235591078676632648e+00
1.393553522393490240e+01 -2.240535223934902120e+00
1.394400681907873896e+01 -2.245506819078739724e+00
1.395250597162605111e+01 -2.250505971626051149e+00
1.396103278951082061e+01 -2.255532789510819924e+00
1.396958738108468090e+01 -2.260587381084681269e+00
1.397816985511854071e+01 -2.265669855118540355e+00
1.398678032080416145e+01 -2.270780320804160368e+00
1.399541888775577725e+01 -2.275918887755777220e+00
1.400408566601171501e+01 -2.281085666011716029e+00
1.401278076603602329e+01 -2.286280766036023593e+00
1.402150429872007287e+01 -2.291504298720072441e+00
1.403025637538420867e+01 -2.296756375384209292e+00
1.403903710777941072e+01 -2.302037107779410618e+00
1.404784660808889996e+01 -2.307346608088899131e+00
1.405668498892981511e+01 -2.312684988929815333e+00
1.406555236335488246e+01 -2.318052363354881962e+00
1.407444884485404479e+01 -2.323448844854045348e+00
1.408337454735617911e+01 -2.328874547356178937e+00
1.409232958523073265e+01 -2.334329585230733528e+00
1.410131407328944420e+01 -2.339814073289444352e+00
1.411032812678799964e+01 -2.345328126787999068e+00
1.411937186142775147e+01 -2.350871861427751952e+00
1.412844539335743299e+01 -2.356445393357432749e+00
1.413754883917483163e+01 -2.362048839174830661e+00
1.414668231592853509e+01 -2.367682315928535175e+00
1.415584594111965977e+01 -2.373345941119659130e+00
1.416503983270354539e+01 -2.379039832703545798e+00
1.417426410909153134e+01 -2.384764109091531026e+00
1.418351888915266201e+01 -2.390518889152662751e+00
1.419280429221548268e+01 -2.396304292215482690e+00
1.420212043806974300e+01 -2.402120438069742292e+00
1.421146744696818942e+01 -2.407967446968189762e+00
1.422084543962834502e+01 -2.413845439628344636e+00
1.423025453723425215e+01 -2.419754537234251046e+00
1.423969486143828078e+01 -2.425694861438280725e+00
1.424916653436290659e+01 -2.431666534362907583e+00
1.425866967860252643e+01 -2.437669678602526702e+00
1.426820441722522226e+01 -2.443704417225221803e+00
1.427777087377460674e+01 -2.449770873774607338e+00
1.428736917227162806e+01 -2.455869172271627932e+00
1.429699943721639599e+01 -2.461999437216395137e+00
1.430666179358999202e+01 -2.468161793589992214e+00
1.431635636685635049e+01 -2.474356366856349965e+00
1.432608328296405098e+01 -2.480583282964051506e+00
1.433584266834821541e+01 -2.486842668348215213e+00
1.434563464993232529e+01 -2.493134649932326141e+00
1.435545935513013305e+01 -2.499459355130133176e+00
1.436531691184748105e+01 -2.505816911847480455e+00
1.437520744848422538e+01 -2.512207448484225836e+00
1.438513109393610634e+01 -2.518631093936106069e+00
1.439508797759663672e+01 -2.525087977596635724e+00
1.440507822935899895e+01 -2.531578229358999010e+00
1.441510197961798134e+01 -2.538101979617980675e+00
1.442515935927185211e+01 -2.544659359271852495e+00
1.443525049972432406e+01 -2.551250499724323717e+00
1.444537553288643927e+01 -2.557875532886439984e+00
1.445553459117855688e+01 -2.564534591178556866e+00
1.446572780753225018e+01 -2.571227807532249443e+00
1.447595531539227842e+01 -2.577955315392278735e+00
1.448621724871856387e+01 -2.584717248718563454e+00
1.449651374198812448e+01 -2.591513741988123343e+00
1.450684493019706522e+01 -2.598344930197065139e+00
1.451721094886256402e+01 -2.605210948862564990e+00
1.452761193402485596e+01 -2.612111934024856197e+00
1.453804802224922277e+01 -2.619048022249222285e+00
1.454851935062799306e+01 -2.626019350627993632e+00
1.455902605678258510e+01 -2.633026056782584945e+00
1.456956827886548744e+01 -2.640068278865486562e+00
1.458014615556229465e+01 -2.647146155562294823e+00
1.459075982609377498e+01 -2.654259826093774421e+00
1.460140943021785453e+01 -2.661409430217855032e+00
1.461209510823172764e+01 -2.668595108231727409e+00
1.462281700097385695e+01 -2.675817000973857773e+00
1.463357524982609448e+01 -2.683075249826094577e+00
1.464436999671570305e+01 -2.690369996715702428e+00
1.465520138411747197e+01 -2.697701384117472401e+00
1.466606955505580068e+01 -2.705069555055800379e+00
1.467697465310677885e+01 -2.712474653106777822e+00
1.468791682240029495e+01 -2.719916822400294976e+00
1.469889620762218208e+01 -2.727396207622181379e+00
1.470991295401628030e+01 -2.734912954016280651e+00
1.472096720738662334e+01 -2.742467207386622974e+00
1.473205911409952407e+01 -2.750059114099524749e+00
1.474318882108576467e+01 -2.757688821085764630e+00
1.475435647584271059e+01 -2.765356475842709827e+00
1.476556222643649541e+01 -2.773062226436495692e+00
1.477680622150418621e+01 -2.780806221504185771e+00
1.478808861025595434e+01 -2.788588610255953171e+00
1.479940954247725315e+01 -2.796409542477253041e+00
1.481076916853103853e+01 -2.804269168531039469e+00
1.482216763935995552e+01 -2.812167639359955729e+00
1.483360510648853214e+01 -2.820105106488531632e+00
1.484508172202541232e+01 -2.828081722025412859e+00
1.485659763866560645e+01 -2.836097638665606269e+00
1.486815300969267994e+01 -2.844153009692679035e+00
1.487974798898103046e+01 -2.852247988981030602e+00
1.489138273099813325e+01 -2.860382730998132672e+00
1.490305739080679004e+01 -2.868557390806790508e+00
1.491477212406742048e+01 -2.876772124067420222e+00
1.492652708704031284e+01 -2.885027087040313631e+00
1.493832243658793502e+01 -2.893322436587935087e+00
1.495015833017721896e+01 -2.901658330177218303e+00
1.496203492588184503e+01 -2.910034925881845425e+00
1.497395238238460635e+01 -2.918452382384606025e+00
1.498591085897967190e+01 -2.926910858979670849e+00
1.499791051557494370e+01 -2.935410515574943702e+00
1.500995151269441052e+01 -2.943951512694409800e+00
1.502203401148045714e+01 -2.952534011480457465e+00
1.503415817369626239e+01 -2.961158173696261997e+00
1.504632416172811915e+01 -2.969824161728119805e+00
1.505853213858786255e+01 -2.978532138587862477e+00
1.507078226791520414e+01 -2.987282267915203349e+00
1.508307471398013710e+01 -2.996074713980137361e+00
1.509540964168537158e+01 -3.004909641685371113e+00
1.510778721656868484e+01 -3.013787216568685423e+00
1.512020760480540105e+01 -3.022707604805400905e+00
1.513267097321076804e+01 -3.031670973210768949e+00
1.514517748924244067e+01 -3.040677489242440856e+00
1.515772732100288600e+01 -3.049727321002885461e+00
1.517032063724185775e+01 -3.058820637241858265e+00
1.518295760735888678e+01 -3.067957607358886563e+00
1.519563840140570399e+01 -3.077138401405703050e+00
1.520836319008876103e+01 -3.086363190088761144e+00
1.522113214477171894e+01 -3.095632144771718330e+00
1.523394543747793684e+01 -3.104945437477937276e+00
1.524680324089300143e+01 -3.114303240893001146e+00
1.525970572836722638e+01 -3.123705728367227152e+00
1.527265307391822091e+01 -3.133153073918220954e+00
1.528564545223337845e+01 -3.142645452233377767e+00
1.529868303867246482e+01 -3.152183038672465187e+00
1.531176600927018150e+01 -3.161766009270181144e+00
1.532489454073870228e+01 -3.171394540738701195e+00
1.533806881047027559e+01 -3.181068810470275565e+00
1.535128899653981627e+01 -3.190788996539817290e+00
1.536455527770750251e+01 -3.200555277707502810e+00
1.537786783342135877e+01 -3.210367833421358341e+00
1.539122684381990602e+01 -3.220226843819906648e+00
1.540463248973478372e+01 -3.230132489734783618e+00
1.541808495269336987e+01 -3.240084952693369047e+00
1.543158441492144206e+01 -3.250084414921442288e+00
1.544513105934585084e+01 -3.260131059345850346e+00
1.545872506959714343e+01 -3.270225069597143985e+00
1.547236663001230461e+01 -3.280366630012304441e+00
1.548605592563737154e+01 -3.290555925637372425e+00
1.549979314223020488e+01 -3.300793142230205035e+00
1.551357846626313730e+01 -3.311078466263136733e+00
1.552741208492572511e+01 -3.321412084925725594e+00
1.554129418612747671e+01 -3.331794186127476465e+00
1.555522495850057751e+01 -3.342224958500576548e+00
1.556920459140263802e+01 -3.352704591402638101e+00
1.558323327491948262e+01 -3.363233274919481985e+00
1.559731119986787107e+01 -3.373811199867871480e+00
1.561143855779834055e+01 -3.384438557798340241e+00
1.562561554099792716e+01 -3.395115540997927894e+00
1.563984234249303640e+01 -3.405842342493036412e+00
1.565411915605220017e+01 -3.416619156052199457e+00
1.566844617618891888e+01 -3.427446176188919225e+00
1.568282359816452498e+01 -3.438323598164524597e+00
1.569725161799097179e+01 -3.449251617990970686e+00
1.571173043243372192e+01 -3.460230432433721859e+00
1.572626023901462133e+01 -3.471260239014622329e+00
1.574084123601475582e+01 -3.482341236014756092e+00
1.575547362247733219e+01 -3.493473622477331730e+00
1.577015759821059504e+01 -3.504657598210595637e+00
1.578489336379073649e+01 -3.515893363790736359e+00
1.579968112056479868e+01 -3.527181120564797823e+00
1.581452107065361190e+01 -3.538521070653612099e+00
1.582941341695475046e+01 -3.549913416954749934e+00
1.584435836314546009e+01 -3.561358363145460615e+00
1.585935611368566001e+01 -3.572856113685659807e+00
1.587440687382085613e+01 -3.584406873820856987e+00
1.588951084958520710e+01 -3.596010849585207225e+00
1.590466824780445165e+01 -3.607668247804451056e+00
1.591987927609895337e+01 -3.619379276098953824e+00
1.593514414288672754e+01 -3.631144142886727266e+00
1.595046305738644321e+01 -3.642963057386442216e+00
1.596583622962048565e+01 -3.654836229620485710e+00
1.598126387041802232e+01 -3.666763870418021654e+00
1.599674619141802623e+01 -3.678746191418026612e+00
1.601228340507242365e+01 -3.690783405072423307e+00
1.602787572464909971e+01 -3.702875724649100420e+00
1.604352336423507097e+01 -3.715023364235070957e+00
1.605922653873955497e+01 -3.727226538739554229e+00
1.607498546389710370e+01 -3.739485463897104012e+00
1.609080035627075844e+01 -3.751800356270758030e+00
1.610667143325517969e+01 -3.764171433255178556e+00
1.612259891307978421e+01 -3.776598913079784126e+00
1.613858301481198154e+01 -3.789083014811982508e+00
1.615462395836030041e+01 -3.801623958360300648e+00
1.617072196447760035e+01 -3.814221964477599869e+00
1.618687725476427275e+01 -3.826877254764273317e+00
1.620309005167149508e+01 -3.839590051671494919e+00
1.621936057850441060e+01 -3.852360578504409716e+00
1.623568905942539686e+01 -3.865189059425397033e+00
1.625207571945735552e+01 -3.878075719457354964e+00
1.626852078448689909e+01 -3.891020784486899586e+00
1.628502448126772606e+01 -3.904024481267725832e+00
1.630158703742383608e+01 -3.917087037423836904e+00
1.631820868145288728e+01 -3.930208681452887376e+00
1.633488964272947896e+01 -3.943389642729478339e+00
1.635163015150849475e+01 -3.956630151508495175e+00
1.636843043892847405e+01 -3.969930438928473748e+00
1.638529073701491257e+01 -3.983290737014911542e+00
1.640221127868365869e+01 -3.996711278683658719e+00
1.641919229774431699e+01 -4.010192297744316292e+00
1.643623402890358776e+01 -4.023734028903588111e+00
1.645333670776873802e+01 -4.037336707768737654e+00
1.647050057085095176e+01 -4.051000570850952442e+00
1.648772585556882575e+01 -4.064725855568825708e+00
1.650501280025176243e+01 -4.078512800251761661e+00
1.652236164414345154e+01 -4.092361644143451826e+00
1.653977262740536247e+01 -4.106272627405362030e+00
1.655724599112017614e+01 -4.120245991120174978e+00
1.657478197729531288e+01 -4.134281977295312771e+00
1.659238082886645316e+01 -4.148380828866454095e+00
1.661004278970105474e+01 -4.162542789701054957e+00
1.662776810460185573e+01 -4.176768104601855214e+00
1.664555701931045206e+01 -4.191057019310452603e+00
1.666340978051088939e+01 -4.205409780510889206e+00
1.668132663583317310e+01 -4.219826635833172190e+00
1.669930783385689921e+01 -4.234307833856899350e+00
1.671735362411487813e+01 -4.248853624114877547e+00
1.673546425709669094e+01 -4.263464257096691412e+00
1.675363998425238776e+01 -4.278139984252387507e+00
1.677188105799605822e+01 -4.292881057996059013e+00
1.679018773170958312e+01 -4.307687731709583190e+00
1.680856025974620493e+01 -4.322560259746204281e+00
1.682699889743426525e+01 -4.337498897434265643e+00
1.684550390108093865e+01 -4.352503901080938320e+00
1.686407552797586717e+01 -4.367575527975866123e+00
1.688271403639493684e+01 -4.382714036394936841e+00
